1.51098
1.81376
2.08587
2.3228
2.52067
2.67623
2.78695
2.85105
2.86754
2.83621
2.75764
2.63322
2.46509
2.25612
2.00985
1.73043
1.42257
1.09145
0.742613
0.381907
0.015358
0.350915
0.710809
1.05833
1.38771
1.69348
1.97058
2.21443
2.42101
2.58694
2.70951
2.78673
2.81738
2.80103
2.738
2.62942
2.47715
2.28381
2.05268
1.78765
1.49319
1.17427
0.836214
0.484701
0.125604
0.235078
0.591331
0.937223
1.267
1.57519
1.85669
2.10684
2.32151
2.49717
2.63096
2.72069
2.76494
2.76303
2.71506
2.62189
2.48513
2.30714
2.09092
1.84014
1.55903
1.25232
0.92515
0.583009
0.231621
0.123144
0.475366
0.819177
1.14886
1.45893
1.74425
2.00009
2.22224
2.40703
2.55143
2.65309
2.71038
2.72239
2.689
2.61082
2.4892
2.32625
2.12473
1.88806
1.62022
1.32573
1.00953
0.676929
0.333485
0.0150568
0.362878
0.704181
1.03328
1.34471
1.6333
1.89427
2.1233
2.31662
2.47105
2.58406
2.65384
2.67926
2.65998
2.59636
2.48953
2.34133
2.15428
1.93155
1.67691
1.39463
1.08948
0.766553
0.43127
0.0892374
0.253834
0.592222
0.92029
1.23258
1.52391
1.78944
2.02478
2.22605
2.38993
2.51373
2.59546
2.63379
2.62815
2.57868
2.48628
2.35252
2.17971
1.97076
1.72922
1.45914
1.16508
0.85197
0.525049
0.189792
0.148201
0.483289
0.809887
1.12256
1.41611
1.68566
1.92676
2.13542
2.30819
2.44224
2.53539
2.58613
2.59367
2.55794
2.47959
2.35998
2.20116
2.00583
1.77728
1.51938
1.23646
0.933267
0.614891
0.286657
0.0459474
0.377369
0.702081
1.01468
1.30996
1.58302
1.82933
2.04483
2.22594
2.3697
2.47375
2.53641
2.55668
2.53428
2.46963
2.36386
2.21879
2.03689
1.82123
1.57545
1.3037
1.01053
0.700863
0.379883
0.0529585
0.27445
0.59688
0.908959
1.20549
1.48156
1.73257
1.95437
2.1433
2.29624
2.41069
2.48479
2.51734
2.50785
2.45654
2.3643
2.23274
2.06408
1.86118
1.62748
1.36691
1.08384
0.783034
0.46952
0.148548
0.17452
0.494291
0.805434
1.10277
1.38135
1.63655
1.86415
2.06037
2.22199
2.34633
2.43139
2.47577
2.4788
2.44046
2.36145
2.24313
2.08752
1.89726
1.67557
1.42618
1.15329
0.861469
0.555617
0.240852
0.0775661
0.394319
0.704123
1.00182
1.28245
1.54136
1.77424
1.97726
2.14704
2.2808
2.37634
2.43213
2.44726
2.42154
2.35544
2.2501
2.10735
1.92959
1.71983
1.48161
1.21894
0.936234
0.638224
0.329902
0.0164258
0.296968
0.605049
0.902683
1.18492
1.44705
1.68475
1.89405
2.07152
2.21421
2.31978
2.38653
2.41337
2.3999
2.3464
2.25379
2.12368
1.95827
1.76036
1.5333
1.28089
1.00739
0.717388
0.415731
0.107471
0.202241
0.508232
0.805402
1.0888
1.35371
1.59574
1.81086
1.99552
2.14668
2.26183
2.33911
2.37726
2.37569
2.33447
2.25433
2.13665
1.98343
1.79727
1.58132
1.33921
1.07502
0.79316
0.498371
0.195584
0.110139
0.413692
0.71001
0.994156
1.2614
1.5073
1.72777
1.91917
2.07832
2.20261
2.29
2.33906
2.34903
2.31977
2.25183
2.14636
2.00518
1.83067
1.62579
1.39399
1.13916
0.865589
0.577857
0.280784
0.0206612
0.321442
0.616539
0.901031
1.17018
1.41951
1.64488
1.84255
2.00925
2.14223
2.23931
2.2989
2.32005
2.30245
2.24642
2.15294
2.02362
1.86065
1.66678
1.44529
1.1999
0.934726
0.654224
0.363089
0.0661944
0.231499
0.525019
0.80947
1.08011
1.33244
1.56226
1.76576
1.93957
2.08082
2.18718
2.25691
2.28888
2.28261
2.23822
2.15651
2.03888
1.88731
1.7044
1.4932
1.25729
1.00062
0.727507
0.44252
0.150432
0.143872
0.435477
0.719516
0.991254
1.24617
1.48001
1.68891
1.86939
2.01848
2.13371
2.21319
2.25564
2.26037
2.22736
2.15718
2.05105
1.91077
1.73872
1.5378
1.3114
1.06333
0.797744
0.519098
0.232059
0.0585724
0.347939
0.63121
0.903661
1.16075
1.3982
1.61207
1.79881
1.95532
2.07902
2.16788
2.22044
2.23587
2.21394
2.15506
2.06024
1.9311
1.76983
1.57916
1.3623
1.1229
0.864973
0.592848
0.311083
0.0243936
0.262427
0.544589
0.817383
1.07626
1.31692
1.53534
1.72792
1.89144
2.02322
2.12108
2.18341
2.20922
2.19809
2.15026
2.06656
1.94842
1.79784
1.61737
1.41006
1.17939
0.929235
0.663794
0.387514
0.105021
0.17896
0.459686
0.732469
0.99276
1.23622
1.45881
1.65681
1.82696
1.96642
2.0729
2.14466
2.18052
2.17992
2.1429
2.07012
1.96281
1.82282
1.65251
1.45474
1.23285
0.99057
0.731963
0.461366
0.183308
0.0975561
0.376533
0.648964
0.910303
1.15619
1.38254
1.58559
1.76195
1.90872
2.02347
2.1043
2.1499
2.15953
2.13308
2.07101
1.97439
1.84487
1.68464
1.49641
1.28334
1.04902
0.797385
0.532652
0.259255
0.0182282
0.295159
0.56691
0.828945
1.0769
1.30663
1.51433
1.69653
1.85023
1.97287
2.06243
2.11745
2.13704
2.1209
2.06934
1.98323
1.86407
1.71385
1.53513
1.33091
1.10463
0.86009
0.601389
0.332864
0.0590115
0.215588
0.486345
0.748739
0.998391
1.23114
1.44311
1.63078
1.79103
1.92122
2.01918
2.0833
2.11256
2.10648
2.06521
1.98945
1.88051
1.74023
1.57098
1.37563
1.15745
0.920111
0.667597
0.404141
0.134154
0.137844
0.407307
0.669733
0.920741
1.15615
1.37203
1.56479
1.73124
1.86861
1.97463
2.04755
2.08619
2.08992
2.05872
1.99313
1.89427
1.76384
1.60403
1.41754
1.20752
0.97748
0.731296
0.473092
0.207194
0.0619456
0.329826
0.591971
0.844003
1.08172
1.30115
1.49865
1.67094
1.81515
1.92889
2.0103
2.05803
2.07132
2.04996
1.99436
1.90546
1.78477
1.63435
1.45672
1.25489
1.03224
0.792509
0.539728
0.278128
0.0120901
0.253934
0.515497
0.76823
1.00792
1.23055
1.43244
1.61021
1.76092
1.88207
1.97164
2.02819
2.05077
2.03905
1.99324
1.91414
1.8031
1.662
1.49322
1.2996
1.08441
0.851261
0.60406
0.346954
0.0842493
0.179656
0.44035
0.693474
0.934803
1.16031
1.36624
1.54916
1.70603
1.83425
1.93169
1.99676
2.02838
2.02606
1.98986
1.92041
1.8189
1.68705
1.52709
1.34172
1.13405
0.90758
0.666104
0.413674
0.154521
0.107017
0.366564
0.619781
0.862438
1.09048
1.30012
1.48785
1.65055
1.78553
1.89053
1.96384
2.00425
2.0111
1.98432
1.92436
1.83226
1.70959
1.55842
1.38129
1.1812
0.961494
0.725876
0.478293
0.222897
0.0360362
0.294172
0.547195
0.790875
1.02114
1.23416
1.42637
1.59459
1.736
1.84827
1.92953
1.97847
1.99426
1.97669
1.92607
1.84326
1.72968
1.58725
1.41837
1.22588
1.01303
0.783395
0.540818
0.289372
0.033268
0.223205
0.475757
0.720166
0.952349
1.16843
1.36481
1.53821
1.68575
1.80498
1.89393
1.95113
1.97564
1.96708
1.92562
1.85197
1.74739
1.61364
1.453
1.26816
1.06223
0.838682
0.601258
0.353942
0.100881
0.153688
0.405505
0.650359
0.884157
1.103
1.30322
1.4815
1.63487
1.76077
1.85712
1.92233
1.95532
1.95557
1.9231
1.85847
1.76279
1.63768
1.48525
1.30807
1.10913
0.891762
0.659624
0.416609
0.166791
0.0856457
0.336474
0.581499
0.816623
1.03792
1.24169
1.42455
1.58344
1.71572
1.81919
1.89215
1.93339
1.94225
1.9186
1.86285
1.77596
1.65941
1.51517
1.34566
1.15375
0.942658
0.715931
0.477374
0.230988
0.0190974
0.268696
0.513629
0.7498
0.973264
1.18029
1.36742
1.53153
1.66991
1.78023
1.86069
1.90995
1.92721
1.91219
1.86518
1.78698
1.67891
1.54282
1.38098
1.19614
0.991399
0.770195
0.536243
0.293468
0.0459387
0.202197
0.446786
0.683737
0.909086
1.11907
1.31018
1.47924
1.62342
1.74033
1.82804
1.88508
1.91052
1.90396
1.86554
1.7959
1.69624
1.56825
1.41408
1.23634
1.03801
0.822435
0.593223
0.354225
0.109448
0.137005
0.381009
0.618478
0.845441
1.05811
1.25292
1.42663
1.57635
1.69957
1.79427
1.85886
1.89228
1.894
1.864
1.80281
1.71147
1.59153
1.44501
1.27439
1.08254
0.872671
0.648324
0.413259
0.171419
0.0731421
0.316328
0.554066
0.78238
0.997452
1.19569
1.37378
1.52875
1.65803
1.75947
1.83137
1.87257
1.88237
1.86065
1.80778
1.72466
1.61271
1.47382
1.31033
1.12499
0.920927
0.701558
0.470572
0.231842
0.0106272
0.252774
0.490541
0.719951
0.937166
1.13855
1.32075
1.48072
1.61579
1.72372
1.80271
1.85146
1.86917
1.85556
1.81088
1.73589
1.63186
1.50056
1.34421
1.16543
0.967227
0.752941
0.526167
0.290711
0.0505225
0.190373
0.42794
0.658201
0.877302
1.08158
1.26762
1.43232
1.57293
1.68711
1.77295
1.82905
1.85447
1.84881
1.81218
1.74521
1.64904
1.52529
1.37607
1.20387
1.0116
0.802489
0.580053
0.348023
0.110293
0.129151
0.366296
0.597172
0.817912
1.02482
1.21445
1.38362
1.52951
1.6497
1.74217
1.80541
1.83835
1.84047
1.81176
1.7527
1.6643
1.54807
1.40595
1.24036
1.05407
0.850221
0.632236
0.403776
0.168673
0.0691274
0.30564
0.536903
0.759042
0.968341
1.1613
1.33469
1.48562
1.61157
1.71045
1.78061
1.82089
1.83063
1.80968
1.75842
1.67771
1.56893
1.43391
1.27494
1.09467
0.896159
0.68273
0.457971
0.225655
0.0103211
0.246
0.477431
0.700739
0.912184
1.10823
1.2856
1.44132
1.57281
1.67786
1.75474
1.80216
1.81934
1.80603
1.76244
1.68934
1.58795
1.46
1.30764
1.13344
0.940325
0.731547
0.510613
0.281231
0.0472522
0.1874
0.418791
0.643044
0.856404
1.0553
1.2364
1.39668
1.53347
1.64448
1.72786
1.78223
1.8067
1.80086
1.76484
1.69924
1.60518
1.48426
1.33852
1.1704
0.982745
0.778704
0.561707
0.3354
0.10358
0.129863
0.361014
0.585998
0.801046
1.00256
1.18716
1.35177
1.49363
1.61037
1.70006
1.76119
1.79276
1.79426
1.76566
1.70747
1.62068
1.50675
1.36761
1.2056
1.02345
0.824218
0.611263
0.388159
0.158651
0.0734084
0.304127
0.529637
0.746157
0.950062
1.13794
1.30664
1.45335
1.57561
1.6714
1.7391
1.77761
1.78628
1.76499
1.71411
1.6345
1.52751
1.39496
1.23906
1.06245
0.868109
0.659292
0.439511
0.212459
0.018053
0.248157
0.473994
0.691778
0.897858
1.08878
1.26136
1.4127
1.54027
1.64195
1.71604
1.76131
1.77701
1.76289
1.71921
1.64671
1.54661
1.42061
1.27083
1.0998
0.910399
0.705805
0.48946
0.264998
0.0361891
0.193127
0.419102
0.637947
0.845994
1.03976
1.21599
1.37174
1.50441
1.61179
1.69207
1.74393
1.7665
1.75943
1.72284
1.65735
1.56408
1.44461
1.30095
1.13552
0.951113
0.750819
0.538011
0.316265
0.0893061
0.139056
0.364989
0.584703
0.794512
0.990901
1.17058
1.33054
1.4681
1.58097
1.66726
1.72554
1.75483
1.75467
1.72505
1.6665
1.58
1.46702
1.32946
1.16965
0.990274
0.79435
0.585174
0.366261
0.141289
0.0859634
0.311681
0.532077
0.743454
0.942268
1.12519
1.28914
1.4314
1.54957
1.64169
1.70621
1.74207
1.74867
1.72592
1.6742
1.5944
1.48787
1.3564
1.20222
1.02791
0.836418
0.630958
0.414986
0.192131
0.0338634
0.259202
0.480103
0.692859
0.893901
1.07986
1.24762
1.39437
1.51765
1.61541
1.68601
1.72827
1.74151
1.7255
1.68052
1.60735
1.50722
1.38182
1.23326
1.06405
0.877044
0.675377
0.462446
0.241828
0.0172309
0.207573
0.428808
0.642762
0.845845
1.03465
1.20601
1.35706
1.48527
1.58849
1.66499
1.71351
1.73324
1.72385
1.68552
1.6189
1.52511
1.40575
1.26282
1.09873
0.91625
0.718446
0.508646
0.290378
0.0673092
0.156811
0.37822
0.593199
0.79814
0.989605
1.16438
1.31954
1.45249
1.56099
1.64323
1.69785
1.72393
1.72105
1.68926
1.6291
1.54161
1.42824
1.29093
1.13197
0.954061
0.76018
0.553595
0.337781
0.116364
0.106934
0.328361
0.544199
0.750823
0.944766
1.12277
1.28186
1.41936
1.53297
1.62079
1.68135
1.71365
1.71714
1.69179
1.63802
1.55675
1.44935
1.31763
1.16382
0.990502
0.800599
0.597305
0.384039
0.164388
0.057955
0.279255
0.495792
0.703931
0.900178
1.08124
1.24407
1.38595
1.5045
1.59773
1.66408
1.70245
1.7122
1.69318
1.6457
1.57059
1.46911
1.34297
1.1943
1.0256
0.839722
0.639786
0.429158
0.21138
0.0098852
0.230918
0.448005
0.657498
0.855879
1.03982
1.20622
1.35231
1.47563
1.5741
1.6461
1.6904
1.70628
1.69348
1.65221
1.58319
1.48757
1.36698
1.22345
1.05939
0.877572
0.681054
0.473143
0.257337
0.0372661
0.18337
0.400861
0.611554
0.811908
0.998557
1.16837
1.31849
1.44641
1.54998
1.62746
1.67756
1.69944
1.69275
1.6576
1.59459
1.50479
1.38972
1.25131
1.0919
0.914173
0.721125
0.516004
0.302261
0.083492
0.136623
0.354384
0.566129
0.7683
0.957499
1.13055
1.28455
1.4169
1.5254
1.60822
1.66398
1.69174
1.69105
1.66192
1.60485
1.52081
1.41121
1.27791
1.12316
0.949549
0.760017
0.55775
0.346154
0.128788
0.0906913
0.308591
0.521249
0.725088
0.916683
1.09282
1.25053
1.38716
1.50044
1.58845
1.64973
1.68324
1.68844
1.66523
1.61402
1.53567
1.43152
1.3033
1.1532
0.983727
0.79775
0.598395
0.389021
0.17315
0.0455842
0.263502
0.476939
0.682304
0.876146
1.05521
1.21647
1.35724
1.47515
1.56821
1.63486
1.674
1.68497
1.66759
1.62216
1.54944
1.45067
1.32752
1.18206
1.01674
0.834344
0.637953
0.430869
0.216579
0.00131018
0.219132
0.433222
0.639978
0.835923
1.01776
1.18244
1.32718
1.44957
1.54754
1.61944
1.66408
1.68071
1.66905
1.62931
1.56216
1.46873
1.3506
1.20977
1.0486
0.869823
0.676439
0.471707
0.259076
0.0421247
0.175494
0.390118
0.598136
0.796047
0.980524
1.14846
1.29704
1.42376
1.52649
1.60352
1.65353
1.67571
1.66967
1.63554
1.57387
1.48573
1.37259
1.23637
1.07936
0.904212
0.71387
0.511545
0.300643
0.0847162
0.1326
0.347646
0.556803
0.756551
0.943529
1.11459
1.26686
1.39778
1.50514
1.58714
1.64241
1.67002
1.66951
1.64088
1.58464
1.50172
1.39354
1.2619
1.10904
0.937535
0.750267
0.550395
0.341286
0.126462
0.090458
0.305822
0.516003
0.717464
0.906813
1.08086
1.23669
1.37166
1.48352
1.57038
1.63078
1.6637
1.66861
1.64541
1.59451
1.51676
1.41348
1.2864
1.13768
0.969821
0.785649
0.58827
0.381011
0.167362
0.0490772
0.264661
0.475758
0.678813
0.870409
1.04732
1.20656
1.34547
1.46169
1.55327
1.61868
1.65681
1.66703
1.64917
1.60353
1.53088
1.43245
1.30991
1.16531
1.0011
0.820039
0.625188
0.419827
0.207417
0.00846267
0.224175
0.436086
0.640625
0.834349
1.01399
1.17653
1.31923
1.43969
1.53588
1.60618
1.6494
1.66484
1.65221
1.61176
1.54414
1.45052
1.33246
1.19196
1.03139
0.85346
0.661163
0.457744
0.24663
0.0313815
0.184375
0.397005
0.602924
0.798663
0.980924
1.14664
1.29301
1.41758
1.51825
1.59332
1.64153
1.66207
1.6546
1.61924
1.55659
1.46771
1.3541
1.21768
1.06074
0.885937
0.696215
0.494773
0.285007
0.0704532
0.145272
0.358531
0.565731
0.76338
0.948145
1.11691
1.26684
1.3954
1.50043
1.58016
1.63324
1.65879
1.65637
1.62602
1.56827
1.48408
1.37487
1.24249
1.08917
0.917495
0.730363
0.530928
0.322553
0.108752
0.106871
0.32068
0.529069
0.728526
0.915689
1.0874
1.24077
1.37321
1.48248
1.56675
1.6246
1.65505
1.65758
1.63217
1.57923
1.49966
1.39481
1.26644
1.11671
0.948163
0.763629
0.566224
0.359277
0.146278
0.0691791
0.283462
0.492956
0.694128
0.883586
1.05813
1.21483
1.35103
1.46444
1.55314
1.61565
1.6509
1.6583
1.63773
1.58953
1.51452
1.41397
1.28956
1.14341
0.977969
0.796035
0.600676
0.395187
0.183035
0.0322003
0.246889
0.457409
0.660209
0.851868
1.02915
1.18907
1.32892
1.44636
1.53938
1.60644
1.64639
1.65856
1.64274
1.59921
1.52869
1.43238
1.3119
1.16929
1.00694
0.827604
0.634301
0.430295
0.219027
0.00406269
0.210971
0.422445
0.626791
0.820561
1.00048
1.16352
1.30693
1.42828
1.52553
1.59703
1.64158
1.65842
1.64727
1.60832
1.54223
1.4501
1.3335
1.19439
1.03511
0.858361
0.667119
0.464613
0.254259
0.0396086
0.175715
0.388078
0.593896
0.789694
0.972166
1.13823
1.28509
1.41025
1.51162
1.58746
1.63651
1.65793
1.65137
1.61692
1.55518
1.46717
1.35439
1.21874
1.06251
0.888333
0.69915
0.498153
0.288738
0.0744375
0.141129
0.354322
0.561543
0.759291
0.944227
1.11323
1.26344
1.39232
1.4977
1.57779
1.63125
1.65715
1.65508
1.62505
1.56758
1.48363
1.37462
1.24239
1.08917
0.917546
0.730413
0.530932
0.322472
0.108551
0.107217
0.321189
0.529749
0.729377
0.916698
1.08855
1.24202
1.37453
1.48383
1.56807
1.62583
1.65613
1.65846
1.63277
1.5795
1.49954
1.39424
1.26538
1.11513
0.946028
0.760932
0.562965
0.35547
0.141951
0.0739837
0.288688
0.498534
0.699975
0.889608
1.06423
1.22088
1.35692
1.47005
1.55834
1.62032
1.65492
1.66156
1.64012
1.59097
1.51492
1.41327
1.28773
1.14041
0.973808
0.790729
0.594268
0.387743
0.174643
0.0414315
0.25683
0.467911
0.671108
0.862985
1.0403
1.20005
1.33954
1.4564
1.54866
1.61475
1.65356
1.66442
1.64716
1.60204
1.52984
1.43178
1.30949
1.16506
1.00092
0.819829
0.62486
0.419303
0.206631
0.00956216
0.225622
0.437896
0.642796
0.836856
1.01679
1.17957
1.32242
1.44293
1.53906
1.60919
1.65212
1.66711
1.65393
1.61277
1.54435
1.44979
1.33071
1.18911
1.02738
0.848257
0.654761
0.450163
0.237921
0.0216238
0.195073
0.408504
0.61506
0.811247
0.993745
1.15947
1.3056
1.42969
1.52961
1.60368
1.65063
1.66968
1.66049
1.62321
1.55847
1.46736
1.35142
1.2126
1.05324
0.876038
0.683989
0.480335
0.268521
0.0521268
0.165187
0.379746
0.587918
0.786183
0.971184
1.13979
1.28914
1.41671
1.52034
1.59826
1.64916
1.67217
1.66689
1.6334
1.57228
1.48454
1.37166
1.23556
1.07852
0.903201
0.712565
0.509835
0.298438
0.0819483
0.135971
0.351634
0.56139
0.761689
0.949139
1.12057
1.27306
1.40405
1.5113
1.593
1.64775
1.67463
1.67318
1.6434
1.58581
1.50136
1.39148
1.25803
1.10325
0.929771
0.740513
0.538679
0.327681
0.111091
0.107429
0.32418
0.535493
0.737788
0.927641
1.10183
1.25741
1.39174
1.50254
1.58793
1.64646
1.67713
1.67941
1.65326
1.59911
1.51787
1.41092
1.28005
1.12748
0.955778
0.767854
0.566882
0.356261
0.139557
0.0795653
0.297395
0.510243
0.714504
0.906718
1.08363
1.24223
1.37984
1.49411
1.58312
1.64533
1.6797
1.68563
1.66302
1.61223
1.53413
1.43002
1.30166
1.15123
0.981251
0.794611
0.594461
0.384188
0.16735
0.0523817
0.271287
0.485657
0.691859
0.8864
1.06598
1.22755
1.36837
1.48606
1.5786
1.64442
1.68241
1.6919
1.67274
1.62523
1.55017
1.44882
1.3229
1.17453
1.00622
0.820809
0.621435
0.411472
0.194476
0.0258812
0.245866
0.46175
0.669876
0.866714
1.04893
1.21342
1.3574
1.47842
1.57443
1.64378
1.6853
1.69827
1.68247
1.63814
1.56604
1.46738
1.34382
1.19744
1.03072
0.846472
0.647821
0.438127
0.220938
6.57497e-05
0.221141
0.43854
0.648576
0.847689
1.0325
1.19987
1.34695
1.47125
1.57065
1.64346
1.68843
1.70479
1.69226
1.65104
1.58181
1.48573
1.36444
1.21997
1.05477
0.871625
0.67364
0.464163
0.246743
0.0250634
0.19712
0.416039
0.627982
0.829352
1.01673
1.18693
1.33707
1.46459
1.56732
1.64351
1.69185
1.71152
1.70217
1.66395
1.5975
1.50393
1.38482
1.24217
1.07841
0.896295
0.698909
0.489595
0.271897
0.049505
0.173811
0.394265
0.608114
0.811731
1.00166
1.17466
1.32781
1.4585
1.56449
1.64398
1.69562
1.71851
1.71225
1.67695
1.61318
1.52201
1.40499
1.26408
1.10168
0.920508
0.723651
0.514435
0.296406
0.0732583
0.151223
0.37323
0.588995
0.794854
0.987311
1.16309
1.31921
1.45301
1.5622
1.64493
1.69978
1.72581
1.72256
1.69007
1.62889
1.54003
1.425
1.28574
1.12459
0.944292
0.747884
0.538697
0.320275
0.0963227
0.129363
0.352951
0.570646
0.778751
0.973728
1.15226
1.31131
1.44818
1.56052
1.64642
1.7044
1.73348
1.73314
1.70338
1.64468
1.55804
1.4449
1.30718
1.1472
0.967672
0.771629
0.562394
0.343513
0.118698
0.108238
0.333442
0.553089
0.763448
0.960941
1.14221
1.30417
1.44405
1.55948
1.64849
1.70953
1.74158
1.74406
1.71693
1.66062
1.57608
1.46473
1.32844
1.16953
0.990678
0.79491
0.585542
0.366126
0.140383
0.0878578
0.314719
0.536347
0.748975
0.948987
1.13298
1.29781
1.44069
1.55916
1.6512
1.71523
1.75016
1.75537
1.73077
1.67674
1.5942
1.48452
1.34957
1.19162
1.01334
0.817745
0.608155
0.388121
0.161377
0.0682295
0.296797
0.520443
0.735363
0.937901
1.12461
1.2923
1.43813
1.55959
1.65461
1.72156
1.75929
1.76714
1.74496
1.69311
1.61245
1.50434
1.37061
1.2135
1.03568
0.840158
0.630247
0.409505
0.181679
0.0493622
0.279694
0.5054
0.722641
0.92772
1.11714
1.28768
1.43643
1.56083
1.65877
1.72857
1.76902
1.77941
1.75956
1.70977
1.63089
1.52423
1.39159
1.23521
1.05774
0.862171
0.651832
0.430284
0.201289
0.0312649
0.263425
0.491242
0.710842
0.918483
1.11063
1.284
1.43564
1.56295
1.66376
1.73633
1.77941
1.79226
1.77462
1.72679
1.64956
1.54423
1.41256
1.25678
1.07953
0.883806
0.672925
0.450465
0.220204
0.0139475
0.248008
0.477996
0.699997
0.910229
1.10511
1.28131
1.43582
1.566
1.66962
1.7449
1.79053
1.80573
1.79022
1.74423
1.66853
1.56439
1.43357
1.27826
1.1011
0.905086
0.693541
0.470055
0.238422
0.00257943
0.233463
0.465689
0.690142
0.903
1.10063
1.27966
1.43703
1.57004
1.67642
1.75434
1.80245
1.81991
1.8064
1.76214
1.68785
1.58477
1.45465
1.29968
1.12247
0.926032
0.713694
0.489058
0.255941
0.0183043
0.219809
0.454347
0.681313
0.896837
1.09724
1.27911
1.43932
1.57514
1.68423
1.76473
1.81523
1.83485
1.82324
1.78058
1.70757
1.60542
1.47586
1.32107
1.14367
0.946668
0.733398
0.507481
0.272756
0.0332145
0.207069
0.444002
0.673546
0.891788
1.095
1.27971
1.44276
1.58136
1.69312
1.77612
1.82893
1.85062
1.84081
1.79962
1.72775
1.62639
1.49724
1.34249
1.16474
0.967018
0.752667
0.525328
0.288864
0.0472961
0.195264
0.434684
0.666883
0.887898
1.09396
1.28153
1.44742
1.58877
1.70315
1.7886
1.84364
1.8673
1.85916
1.81933
1.74845
1.64773
1.51884
1.36396
1.18571
0.987102
0.771515
0.542603
0.304258
0.0605338
0.184419
0.426428
0.661364
0.885218
1.09416
1.28463
1.45335
1.59743
1.7144
1.80224
1.85943
1.88496
1.87837
1.83976
1.76975
1.6695
1.5407
1.38553
1.2066
1.00695
0.789954
0.559309
0.318931
0.0729105
0.174563
0.41927
0.657036
0.883801
1.09569
1.28907
1.46064
1.60744
1.72695
1.81712
1.87637
1.90367
1.89853
1.86099
1.79169
1.69176
1.56289
1.40724
1.22745
1.02657
0.807999
0.575448
0.332875
0.0844073
0.165722
0.413248
0.653946
0.883703
1.09859
1.29493
1.46935
1.61886
1.74088
1.83332
1.89455
1.92352
1.91969
1.8831
1.81435
1.71457
1.58544
1.42914
1.24831
1.046
0.82566
0.591023
0.346081
0.0950033
0.15793
0.408405
0.652145
0.884984
1.10294
1.30227
1.47957
1.63178
1.75628
1.85092
1.91406
1.94459
1.94195
1.90616
1.83779
1.73799
1.60842
1.45127
1.26919
1.06526
0.84295
0.606032
0.358535
0.104675
0.151221
0.404786
0.65169
0.88771
1.10881
1.31119
1.49138
1.64629
1.77324
1.87003
1.93499
1.96697
1.96539
1.93025
1.8621
1.76209
1.63188
1.47367
1.29013
1.08437
0.859881
0.620475
0.370226
0.113397
0.145632
0.402441
0.65264
0.891949
1.11627
1.32175
1.50487
1.66248
1.79184
1.89073
1.95743
1.99075
1.9901
1.95545
1.88735
1.78693
1.65588
1.4964
1.31118
1.10336
0.876463
0.634349
0.381137
0.12114
0.141206
0.401421
0.655058
0.897775
1.12541
1.33407
1.52015
1.68045
1.81221
1.91314
1.98149
2.01604
2.01618
1.98185
1.91362
1.8126
1.68048
1.5195
1.33236
1.12224
0.892705
0.64765
0.391249
0.127872
0.137987
0.401787
0.659016
0.905269
1.13633
1.34822
1.5373
1.70031
1.83444
1.93736
2.00727
2.04294
2.04372
2.00956
1.94099
1.83916
1.70575
1.54303
1.35372
1.14105
0.908617
0.660372
0.400543
0.133558
0.136025
0.4036
0.664588
0.914519
1.1491
1.36431
1.55645
1.72218
1.85866
1.96351
2.0349
2.07157
2.07284
2.03866
1.96956
1.86669
1.73176
1.56703
1.3753
1.15981
0.924208
0.672508
0.408993
0.138157
0.135376
0.40693
0.671858
0.925617
1.16385
1.38247
1.5777
1.74618
1.88499
1.99172
2.0645
2.10204
2.10365
2.06927
1.99943
1.89528
1.75856
1.59158
1.39714
1.17854
0.939484
0.684047
0.416573
0.141626
0.1361
0.411854
0.680915
0.938668
1.18069
1.40281
1.60121
1.77245
1.91358
2.02213
2.0962
2.13449
2.13628
2.1015
2.03069
1.92502
1.78625
1.61672
1.41927
1.19726
0.954453
0.694977
0.423252
0.143915
0.138263
0.418454
0.691858
0.953783
1.19973
1.42546
1.62709
1.80113
1.94456
2.05488
2.13016
2.16906
2.17086
2.13547
2.06347
1.95601
1.81491
1.64252
1.44175
1.21601
0.96912
0.705284
0.428995
0.144969
0.14194
0.426822
0.704794
0.971085
1.22112
1.45058
1.65552
1.83238
1.97811
2.09014
2.16653
2.2059
2.20752
2.17133
2.09787
1.98836
1.84461
1.66905
1.46463
1.23481
0.98349
0.71495
0.433762
0.144728
0.147212
0.43706
0.719844
0.990709
1.24499
1.47832
1.68665
1.86638
2.01439
2.12809
2.20547
2.24517
2.24644
2.2092
2.13404
2.02217
1.87547
1.69638
1.48795
1.25368
0.997567
0.723954
0.437509
0.143123
0.15417
0.449278
0.737138
1.0128
1.27153
1.50885
1.72067
1.90331
2.0536
2.1689
2.24719
2.28707
2.28778
2.24926
2.1721
2.05757
1.90756
1.7246
1.51177
1.27267
1.01135
0.732273
0.440186
0.140079
0.162914
0.4636
0.756819
1.03753
1.3009
1.54237
1.75778
1.94339
2.09595
2.21281
2.29189
2.33178
2.33173
2.29167
2.21223
2.09469
1.94102
1.75379
1.53615
1.29179
1.02485
0.739879
0.441735
0.13551
0.173556
0.480164
0.77905
1.06507
1.3333
1.5791
1.79821
1.98684
2.14168
2.26003
2.3398
2.37953
2.37849
2.33663
2.25458
2.13368
1.97595
1.78403
1.56115
1.31107
1.03806
0.74674
0.442093
0.129322
0.186221
0.499122
0.804006
1.09563
1.36895
1.61926
1.8422
2.03392
2.19105
2.31083
2.39116
2.43056
2.4283
2.38433
2.29934
2.17471
2.0125
1.81544
1.58684
1.33056
1.05097
0.752819
0.441188
0.121407
0.201048
0.520644
0.831888
1.12942
1.4081
1.66311
1.89003
2.08491
2.24433
2.3655
2.44625
2.48513
2.4814
2.43502
2.34672
2.21794
2.05081
1.84812
1.61329
1.3503
1.0636
0.758074
0.438939
0.111648
0.218193
0.54492
0.862916
1.1667
1.45102
1.71096
1.94201
2.14013
2.30185
2.42434
2.50539
2.54355
2.53807
2.48895
2.39696
2.26358
2.09103
1.8822
1.6406
1.37031
1.07593
0.762458
0.435254
0.0999078
0.237832
0.572165
0.897339
1.20775
1.49802
1.76313
1.99847
2.19993
2.36397
2.48771
2.56893
2.60615
2.59863
2.54641
2.4503
2.31185
2.13336
1.91782
1.66884
1.39065
1.08795
0.765916
0.430028
0.0860363
0.260162
0.602618
0.935436
1.25287
1.54944
1.81998
2.0598
2.2647
2.43109
2.55602
2.63725
2.67329
2.66343
2.60772
2.50703
2.363
2.178
1.95513
1.69813
1.41136
1.09968
0.768386
0.423145
0.0698611
0.285407
0.636551
0.977524
1.30244
1.60566
1.88193
2.12644
2.33491
2.50367
2.62972
2.7108
2.74541
2.73286
2.67325
2.56749
2.41731
2.22518
1.99431
1.72859
1.4325
1.11108
0.769796
0.41447
0.0511875
0.313819
0.674273
1.02396
1.35684
1.66713
1.94946
2.19889
2.41105
2.58221
2.70931
2.79007
2.82299
2.80738
2.7434
2.63204
2.47509
2.27515
2.03555
1.76033
1.45414
1.12217
0.770065
0.403851
0.0297931
0.345689
0.716133
1.07515
1.41653
1.73436
2.02309
2.2777
2.49371
2.6673
2.79538
2.87564
2.90657
2.88751
2.81866
2.7011
2.53671
2.32822
2.07909
1.79352
1.47634
1.13291
0.769101
0.391113
0.00542393
0.381345
0.762534
1.13156
1.48205
1.8079
2.10345
2.36352
2.58354
2.75962
2.8886
2.96816
2.99677
2.97382
2.89957
2.77515
2.60259
2.38472
2.12518
1.82833
1.49918
1.14331
0.766796
0.376056
0.022212
0.421167
0.813937
1.19374
1.55399
1.88843
2.19123
2.45709
2.68131
2.85993
2.98974
3.06837
3.09432
3.067
2.98674
2.85476
2.6732
2.44505
2.17412
1.86495
1.52276
1.15335
0.763027
0.358448
0.0534519
0.465594
0.870874
1.26229
1.63305
1.97671
2.28726
2.55926
2.78791
2.96914
3.09969
3.17716
3.20006
3.16784
3.08089
2.94056
2.7491
2.50967
2.22626
1.90361
1.54718
1.16301
0.757652
0.338021
0.0886867
0.515133
0.933965
1.33794
1.72004
2.07362
2.39248
2.67104
2.90436
3.08828
3.21947
3.29553
3.31495
3.27725
3.18288
3.03331
2.83095
2.57911
2.282
1.94459
1.57258
1.17228
0.750504
0.314461
0.128373
0.57038
1.00393
1.42153
1.81591
2.1802
2.50801
2.79359
3.03186
3.21857
3.35032
3.42467
3.44015
3.3963
3.29369
3.1339
2.91949
2.654
2.34182
1.9882
1.59911
1.18113
0.741389
0.287401
0.173048
0.632033
1.08163
1.51405
1.92177
2.29767
2.63516
2.92829
3.17184
3.36145
3.49366
3.566
3.577
3.52628
3.41449
3.24337
3.01565
2.73507
2.40629
2.03483
1.62694
1.18954
0.730079
0.256408
0.223345
0.700919
1.16806
1.61667
2.03894
2.42749
2.77548
3.07677
3.32599
3.51864
3.6512
3.72117
3.72711
3.66869
3.54668
3.36296
3.12048
2.82322
2.47609
2.08492
1.6563
1.19749
0.716301
0.220964
0.280021
0.778025
1.26444
1.73081
2.16902
2.57139
2.93084
3.24099
3.49631
3.69218
3.82499
3.8922
3.89241
3.82535
3.69193
3.49419
3.2353
2.9195
2.55203
2.13902
1.68744
1.20494
0.699732
0.180451
0.343986
0.864539
1.3722
1.85815
2.3139
2.73146
3.10347
3.42332
3.68527
3.88456
4.01749
4.08151
4.07523
3.99846
3.85226
3.63886
3.36167
3.02523
2.6351
2.1978
1.7207
1.21187
0.679979
0.134116
0.416342
0.961901
1.49311
2.00074
2.4759
2.91026
3.29613
3.62663
3.89582
4.09879
4.23173
4.29206
4.27842
4.19072
4.03016
3.7992
3.50152
3.14198
2.72652
2.26208
1.75647
1.21824
0.656565
0.0810428
0.498439
1.07188
1.62934
2.16111
2.65788
3.11091
3.51216
3.85447
4.13164
4.3386
4.47143
4.52751
4.50551
4.40545
4.2287
3.97797
3.65723
3.27172
2.8278
2.33286
1.79523
1.22401
0.628901
0.0200944
0.591951
1.19667
1.78356
2.3424
2.86338
3.33731
3.75577
4.11125
4.3973
4.60864
4.74123
4.79241
4.76089
4.6468
4.45172
4.1786
3.83179
3.41692
2.94083
2.41144
1.83763
1.22912
0.596253
0.0501512
0.698978
1.33901
1.95915
2.54854
3.09685
3.59437
4.03223
4.40255
4.69857
4.91477
5.04701
5.09254
5.05013
4.92005
4.70407
4.40547
4.02899
3.58072
3.06802
2.49942
1.88446
1.23353
0.557691
0.131499
0.822186
1.50243
2.16039
2.78458
3.36399
3.88835
4.34829
4.73548
5.04281
5.26451
5.39627
5.4353
5.38038
5.23194
4.992
4.66421
4.25371
3.76714
3.21248
2.59893
1.93677
1.23717
0.51202
0.226277
0.965022
1.69143
2.39286
3.05701
3.67217
4.22739
4.71271
5.11929
5.43963
5.66764
5.79883
5.83032
5.76095
5.59131
5.3237
4.96215
4.51234
3.98149
3.37829
2.71272
1.99592
1.23996
0.457681
0.337537
1.13201
1.91198
2.66385
3.37442
4.03112
4.62222
5.13707
5.56623
5.90173
6.13712
6.26767
6.29041
6.20423
6.00989
5.71003
5.30911
4.8134
4.23084
3.57091
2.84451
2.06376
1.2418
0.392592
0.469362
1.32922
2.17208
2.98322
3.74837
4.45395
5.08732
5.63699
6.09284
6.44629
6.69049
6.8204
6.83295
6.72705
6.50367
6.1658
5.71844
5.16854
4.52484
3.79779
2.99936
2.14283
1.24259
0.313916
0.627338
1.56496
2.48269
3.36446
4.19473
4.95871
5.64265
6.23406
6.72197
7.09711
7.35207
7.48147
7.48207
7.3528
7.09485
6.71164
6.20879
5.59401
4.87703
4.06942
3.18442
2.23672
1.2422
0.217687
0.819311
1.85094
2.85928
3.82667
4.73599
5.57097
6.31652
6.95893
7.48615
7.88804
8.15653
8.28577
8.27227
8.11498
7.81533
7.37722
6.80696
6.11323
5.30691
4.40093
3.41005
2.35065
1.24044
0.098185
1.05664
2.20414
3.32437
4.39765
5.40494
6.32813
7.15041
7.85654
8.43314
8.86894
9.15498
9.2848
9.25458
9.06322
8.7124
8.20657
7.55289
6.76116
5.84366
4.81499
3.69179
2.49252
1.23716
0.0531309
1.35638
2.65015
3.91192
5.11947
6.2513
7.28694
8.2074
8.99544
9.63592
10.1161
10.4258
10.5577
10.5076
10.2741
9.85918
9.26795
8.50855
7.59216
6.53278
5.34707
4.05404
2.6748
1.23219
0.249562
1.74528
3.22922
4.67553
6.05868
7.35391
8.53768
9.58803
10.4851
11.2113
11.7519
12.095
12.2321
12.1582
11.8715
11.3744
10.6725
9.77514
8.69525
7.44898
6.05561
4.53721
2.91831
1.22552
0.512895
2.2675
4.00813
5.70445
7.32644
8.84489
10.232
11.4617
12.5105
13.3572
13.9843
14.3774
14.5262
14.4241
14.0689
13.4629
12.6125
11.5284
10.2255
8.72293
7.04327
5.21267
3.26026
1.21777
0.881001
3.0007
5.10502
7.15727
9.12104
10.9608
12.6424
14.134
15.4064
16.4333
17.1926
17.6661
17.8402
17.7063
17.2606
16.5049
15.4462
14.0968
12.4743
10.6012
8.5048
6.21683
3.77286
1.21188
1.4243
4.09174
6.74499
9.33792
11.8244
14.1591
16.2984
18.2009
19.8284
21.1465
22.1252
22.7397
22.9709
22.8057
22.2373
21.2658
19.8981
18.1479
16.036
13.5897
10.8426
7.83447
4.6104
1.2204
2.28142
5.83759
9.38818
12.8717
16.2262
19.39
22.3031
24.9081
27.1509
28.9823
30.3586
31.2423
31.6033
31.4196
30.6777
29.3731
27.5109
25.1058
22.1821
18.7742
14.9253
10.6881
6.12358
1.30028
3.7063
8.81494
13.9398
18.9916
23.8794
28.5116
32.7978
36.6504
39.9862
42.7278
44.8058
46.1598
46.74
46.5089
45.4421
43.5296
40.7764
37.2033
32.8472
27.761
22.0134
15.6883
8.88384
1.71083
5.70858
13.2431
20.7548
28.1012
35.1388
41.7258
47.725
53.0077
57.4559
60.9663
63.4523
64.8468
65.104
64.2013
62.1399
58.9451
54.6667
49.3772
43.1712
36.1628
28.483
20.2773
11.7017
2.9195
5.90242
14.5974
23.0026
30.9625
38.3322
44.98
50.7904
55.6657
59.5281
62.3204
64.0066
64.5728
64.026
62.394
59.724
56.0815
51.5481
46.2199
40.2053
33.6221
26.5961
19.2575
11.7392
4.17411
3.30733
10.5792
17.5221
24.0255
29.9886
35.3226
39.9515
43.813
46.8592
49.0572
50.3893
50.8524
50.4583
49.2327
47.2145
44.455
41.0165
36.9712
32.3995
27.3887
22.0316
16.4242
10.6647
4.85162
0.918013
6.54992
11.9542
17.0465
21.7498
25.9946
29.7208
32.8777
35.4254
37.3345
38.5866
39.1746
39.1023
38.3841
37.0447
35.1186
32.6489
29.6869
26.2909
22.5249
18.4581
14.1629
9.71412
5.18783
0.659759
3.7957
8.10672
12.2052
16.0276
19.5163
22.6199
25.2943
27.5033
29.2187
30.421
31.0994
31.2517
30.8845
30.0127
28.659
26.8538
24.6344
22.0439
19.1312
15.9493
12.5549
9.00715
5.36689
1.6954
1.94646
5.4993
8.90607
12.113
15.0705
17.7337
20.0633
22.026
23.5949
24.7502
25.479
25.7756
25.6413
25.0847
24.1209
22.7718
21.065
19.0336
16.7156
14.1533
11.3921
8.48039
5.46807
2.40614
0.654288
3.66284
6.57065
9.33116
11.9008
14.2399
16.3127
18.0887
19.5424
20.654
21.4094
21.8009
21.8266
21.4905
20.8028
19.7792
18.4406
16.8131
14.9269
12.8164
10.519
8.07486
5.52605
2.91586
0.288068
2.31377
4.84704
7.27074
9.54613
11.6374
13.5121
15.1417
16.5023
17.5742
18.3431
18.7996
18.9396
18.7644
18.2802
17.4985
16.4353
15.1113
13.5511
11.7829
9.83831
7.75117
5.55748
3.29459
1.0006
1.28628
3.52834
5.689
7.7334
9.62894
11.3458
12.8574
14.1409
15.1773
15.9518
16.4544
16.6794
16.6257
16.2971
15.7014
14.8513
13.7631
12.4572
10.9572
9.28977
7.48399
5.57106
3.5836
1.55517
0.480315
2.48913
4.4383
6.29613
8.03273
9.62048
11.0345
12.2528
13.2572
14.0329
14.569
14.8589
14.8998
14.6934
14.2451
13.5645
12.6649
11.5629
10.2786
8.83487
7.25683
5.57176
3.80846
1.99677
0.167061
1.65022
3.42512
5.12859
6.73303
8.2127
9.54412
10.7065
11.6818
12.4556
13.0166
13.3573
13.4736
13.3656
13.0368
12.4942
11.7487
10.8141
9.7074
8.44822
7.0586
5.56257
3.9857
2.35473
0.697075
0.959601
2.58787
4.16099
5.65331
7.04072
8.30102
9.41427
10.3631
11.1331
11.7127
12.0938
12.2714
12.2441
12.0139
11.586
10.969
10.1743
9.21646
8.11248
6.88169
5.54538
4.12642
2.6489
1.13772
0.381854
1.88458
3.34567
4.7412
6.0485
7.2465
8.3161
9.24044
10.0052
10.5987
11.0124
11.2406
11.2806
11.1332
10.802
10.2937
9.61793
8.78693
7.81552
6.72072
5.52148
4.23836
2.89316
1.5086
0.10787
1.2857
2.64905
3.95978
5.19648
6.33913
7.36936
8.27081
9.02933
9.63324
10.0735
10.3438
10.4407
10.3637
10.1152
9.70019
9.12672
8.40523
7.54857
6.57178
5.49176
4.32706
3.09749
1.82384
0.527491
0.769925
2.04688
3.28232
4.45601
5.54882
6.54312
7.42299
8.1745
8.78592
9.24794
9.55375
9.69917
9.68271
9.50557
9.17161
8.68726
8.0614
7.30522
6.43199
5.45687
4.39659
3.26923
2.09386
0.89024
0.321496
1.5212
2.68904
3.80582
4.85328
5.81442
6.67378
7.41764
8.03429
8.51418
8.8501
9.03724
9.07329
8.95846
8.69548
8.28947
7.74796
7.08062
6.29921
5.41729
4.45002
3.4139
2.32649
1.20609
0.0714695
1.05847
2.16499
3.22986
4.23562
5.16588
6.00558
6.74126
7.36123
7.85579
8.21737
8.44064
8.52258
8.46255
8.26225
7.92572
7.45921
6.87111
6.17179
5.3734
4.48969
3.53575
2.52775
1.48269
0.418096
0.64826
1.69867
2.71578
3.68286
4.5841
5.40486
6.13189
6.75358
7.26012
7.64363
7.89834
8.02063
8.0091
7.86456
7.59005
7.19074
6.67383
6.04846
5.32551
4.51745
3.63808
2.70234
1.72601
0.725506
0.28246
1.28112
2.25392
3.18485
4.05862
4.861
5.57898
6.20102
6.71723
7.11951
7.40169
7.55963
7.59126
7.49662
7.27783
6.93909
6.48655
5.92823
5.27387
4.53475
3.72352
2.85396
1.94079
0.999335
0.0453696
0.905214
1.83664
2.73353
3.58114
4.36559
5.07414
5.69534
6.21925
6.63757
6.94382
7.13338
7.2036
7.15381
6.98536
6.70153
6.30752
5.81034
5.21869
4.54277
3.79417
2.98562
2.1308
1.24411
0.34039
0.565265
1.45781
2.32247
3.14499
3.9119
4.61067
5.22997
5.75985
6.19186
6.51921
6.7369
6.84175
6.83247
6.70967
6.47584
6.13532
5.69418
5.16015
4.54248
3.85175
3.09972
2.29914
1.46349
0.606787
0.256646
1.11244
1.94641
2.74479
3.49444
4.18311
4.79959
5.33391
5.77751
6.12338
6.36615
6.50216
6.52958
6.44836
6.26026
5.96882
5.57926
5.09844
4.53468
3.89767
3.19827
2.44832
1.66049
0.847994
0.0244347
0.796465
1.60107
2.37609
3.10873
3.78699
4.3998
4.93722
5.39058
5.75267
6.01781
6.18194
6.24271
6.19947
6.05333
5.80709
5.46521
5.0337
4.52006
3.93313
3.28291
2.58045
1.8376
1.06685
0.281114
0.506505
1.28291
2.03523
2.75106
3.41863
4.02701
4.5663
5.02778
5.40405
5.68917
5.8787
5.96984
5.9614
5.85388
5.64941
5.35171
4.96607
4.49918
3.9591
3.35505
2.69728
1.99692
1.26574
0.516012
0.239745
0.988951
1.71917
2.41834
3.07494
3.67819
4.21826
4.68638
5.075
5.37794
5.59045
5.70929
5.73281
5.66092
5.49514
5.23854
4.89568
4.47255
3.97644
3.41585
2.80029
2.14019
1.44666
0.731333
0.00618127
0.716714
1.42534
2.10797
2.75334
3.35084
3.89068
4.3641
4.76341
5.08224
5.31553
5.45968
5.51258
5.47364
5.34381
5.12551
4.82268
4.4406
3.98589
3.46632
2.89075
2.26892
1.6113
0.928948
0.233283
0.464089
1.15157
1.81776
2.45165
3.0428
3.58151
4.059
4.46751
4.80046
5.05255
5.21984
5.29981
5.29139
5.19499
5.01249
4.74717
4.40372
3.98807
3.50735
2.96975
2.38438
1.76113
1.11046
0.443273
0.229279
0.896003
1.54583
2.168
2.75227
3.28901
3.76946
4.18578
4.53125
4.80034
4.98878
5.0937
5.11358
5.04836
4.89935
4.66929
4.36224
3.98353
3.53967
3.03822
2.48769
1.89739
1.27723
0.637625
0.0107401
0.657057
1.29058
1.90082
2.47769
3.01169
3.49407
3.91695
4.27347
4.55789
4.76568
4.89361
4.93977
4.90364
4.78603
4.58915
4.31648
3.97278
3.56395
3.09699
2.57982
2.02117
1.43047
0.817612
0.192861
0.433362
1.05064
1.64873
2.21774
2.74828
3.23164
3.65991
4.02612
4.32435
4.54982
4.69898
4.76957
4.76061
4.67248
4.50686
4.26672
3.95624
3.58079
3.14678
2.66159
2.13343
1.5712
0.984341
0.382681
0.223733
0.824802
1.41054
1.97125
2.49768
2.98114
3.41373
3.78837
4.099
4.3406
4.50936
4.60264
4.6191
4.55867
4.42255
4.21321
3.93431
3.59069
3.18822
2.73376
2.235
1.70034
1.13878
0.559734
0.0271312
0.612029
1.18523
1.73724
2.25893
2.74168
3.17759
3.5595
3.88121
4.13752
4.32434
4.43872
4.47896
4.44458
4.33632
4.15619
3.90735
3.59413
3.2219
2.79699
2.32661
1.8187
1.28179
0.724907
0.15735
0.411408
0.971902
1.51483
2.0312
2.51249
2.95077
3.33887
3.67046
3.94014
4.1436
4.2776
4.34009
4.33021
4.24829
4.09588
3.87569
3.59153
3.24831
2.85186
2.40892
1.92697
1.41412
0.878985
0.330512
0.222137
0.769756
1.30325
1.81377
2.29288
2.73268
3.12595
3.46627
3.74808
3.96685
4.11908
4.20239
4.21558
4.15857
4.0325
3.83961
3.58328
3.26792
2.89891
2.48253
2.02581
1.53645
1.02267
0.493064
0.0435059
0.5781
1.10183
1.60599
2.08226
2.52277
2.92027
3.26824
3.56102
3.79385
3.96301
4.06581
4.10071
4.06728
3.96623
3.7994
3.56971
3.28114
2.93861
2.54796
2.11578
1.64937
1.15657
0.645638
0.125115
0.396314
0.909969
1.40732
1.88013
2.32057
2.72141
3.07605
3.37869
3.62441
3.80927
3.9303
3.98564
3.97452
3.89727
3.75531
3.55117
3.28836
2.9714
2.60568
2.1974
1.75343
1.28126
0.7888
0.284288
0.22385
0.72715
1.21724
1.68601
2.12568
2.52901
2.88937
3.20085
3.45836
3.65775
3.79582
3.87041
3.8804
3.82578
3.70759
3.52793
3.28993
2.99768
2.65614
2.27113
1.84912
1.39724
0.923056
0.434517
0.0602156
0.552895
1.03533
1.4995
1.93773
2.34277
2.70796
3.02729
3.29556
3.50839
3.66238
3.75506
3.78504
3.75195
3.65646
3.50029
3.28618
3.0178
2.69974
2.33739
1.93688
1.50495
1.04887
0.576258
0.0950315
0.386785
0.86117
1.32024
1.75639
2.1624
2.53158
2.85785
3.13588
3.36112
3.52995
3.63966
3.68855
3.67592
3.60212
3.4685
3.27739
3.03211
2.73683
2.39658
2.01712
1.60483
1.16665
0.709921
0.24229
0.228439
0.694423
1.14791
1.58139
1.98767
2.36004
2.69238
2.97922
3.21589
3.39855
3.52425
3.59103
3.59787
3.5448
3.4328
3.26387
3.04091
2.76776
2.44906
2.0902
1.69724
1.27678
0.835879
0.38192
0.0775157
0.534768
0.982227
1.41246
1.81835
2.19316
2.53074
2.82552
3.07268
3.26819
3.40891
3.49259
3.51795
3.48467
3.39343
3.24586
3.04451
2.79285
2.49515
2.15648
1.78253
1.37961
0.954474
0.514251
0.0662965
0.381916
0.822922
1.24939
1.65425
2.0308
2.37283
2.67469
2.93144
3.1389
3.29369
3.39334
3.43629
3.42193
3.3506
3.22361
3.04317
2.81238
2.53517
2.21626
1.86103
1.47546
1.06602
0.639584
0.203281
0.235607
0.669765
1.09197
1.49522
1.87283
2.21855
2.52669
2.79219
3.0107
3.17866
3.29338
3.35304
3.35674
3.30453
3.19737
3.03715
2.82663
2.56941
2.26985
1.93303
1.56462
1.1708
0.758195
0.333695
0.0956035
0.522543
0.940018
1.34109
1.71911
2.06782
2.38148
2.6549
2.88362
3.0639
3.19283
3.26834
3.28929
3.2554
3.16734
3.02668
2.83586
2.59812
2.31753
1.99882
1.64737
1.2691
0.870339
0.457779
0.0383123
0.381064
0.793364
1.19173
1.56956
1.92058
2.23901
2.51959
2.75771
2.94948
3.09178
3.18234
3.21972
3.20341
3.13375
3.01201
2.84031
2.62157
2.35954
2.05865
1.72397
1.36114
0.976252
0.575753
0.16634
0.24515
0.65186
1.04702
1.42408
1.77677
2.09927
2.38625
2.63299
2.83546
2.99034
3.09515
3.14821
3.14873
3.0968
2.99335
2.84021
2.64
2.39614
2.11276
1.79465
1.44717
1.07615
0.68782
0.288666
0.114639
0.51537
0.906854
1.28258
1.63633
1.96223
2.2549
2.50952
2.72192
2.88861
3.0069
3.0749
3.09155
3.05667
2.97091
2.83578
2.65363
2.42755
2.1614
1.85965
1.52741
1.17025
0.79417
0.40546
0.0106188
0.383766
0.771123
1.14501
1.49922
1.82788
2.12556
2.38734
2.60893
2.78669
2.91773
2.99994
3.03203
3.01355
2.94488
2.82724
2.66268
2.454
2.20476
1.91918
1.60206
1.25874
0.894984
0.516884
0.130764
0.256932
0.63974
1.01129
1.3654
1.69621
1.99824
2.2665
2.49657
2.68468
2.82775
2.92348
2.97034
2.96762
2.91546
2.81478
2.66735
2.4757
2.24308
1.97343
1.67131
1.3418
0.990427
0.623088
0.245925
0.13476
0.51262
0.881361
1.23485
1.56722
1.87297
2.14704
2.38491
2.58267
2.73709
2.84565
2.90662
2.91906
2.88283
2.7986
2.66785
2.49283
2.27653
2.02261
1.73535
1.4196
1.08066
0.724213
0.356227
0.0171502
0.389686
0.755173
1.10753
1.44091
1.74977
2.02901
2.27402
2.48076
2.64585
2.76659
2.84104
2.86803
2.84716
2.77887
2.66436
2.5056
2.30531
2.06689
1.79436
1.49231
1.16583
0.820395
0.461782
0.0959933
0.270866
0.632678
0.983419
1.31726
1.62866
1.91246
2.16397
2.37905
2.55416
2.68643
2.77374
2.81468
2.80864
2.75578
2.65706
2.51419
2.32961
2.10645
1.8485
1.56009
1.24609
0.911759
0.562703
0.20476
0.15609
0.513828
0.862495
1.19629
1.50967
1.79744
2.05484
2.27762
2.46212
2.60531
2.70486
2.75917
2.76741
2.7295
2.64614
2.51877
2.34959
2.14147
1.89793
1.62309
1.32157
0.99843
0.659092
0.309234
0.0452963
0.398583
0.744736
1.078
1.39282
1.684
1.94669
2.17657
2.36984
2.52333
2.63454
2.70166
2.72365
2.7002
2.63175
2.51952
2.36543
2.1721
1.94282
1.68145
1.3924
1.08052
0.75105
0.409498
0.0615779
0.286901
0.630126
0.962383
1.27815
1.57217
1.83959
2.07597
2.27742
2.44062
2.56291
2.64229
2.67751
2.66803
2.61407
2.5166
2.37728
2.19851
1.98331
1.73532
1.45872
1.15815
0.838674
0.50563
0.164591
0.178744
0.518647
0.849455
1.16566
1.46202
1.7336
1.97592
2.18497
2.35731
2.49011
2.58121
2.62914
2.63316
2.59326
2.51017
2.38531
2.22084
2.01954
1.78482
1.52064
1.23143
0.922057
0.597705
0.2638
0.0740756
0.410283
0.739216
1.0554
1.35358
1.6288
1.8765
2.09259
2.2735
2.41626
2.51853
2.57868
2.59573
2.56947
2.50038
2.38967
2.23925
2.05167
1.8301
1.57828
1.30046
1.00129
0.685797
0.35926
0.0271405
0.305016
0.631669
0.947378
1.24689
1.52523
1.77778
2.00036
2.1893
2.34148
2.45442
2.52627
2.55589
2.54284
2.48739
2.39052
2.25388
2.07982
1.87127
1.63177
1.36534
1.07646
0.769978
0.451026
0.12494
0.202832
0.526819
0.841622
1.142
1.42296
1.67985
1.90839
2.10482
2.2659
2.38898
2.47206
2.51379
2.51354
2.47135
2.38798
2.26488
2.10413
1.90848
1.68122
1.42618
1.14766
0.850319
0.53915
0.219358
0.103712
0.424667
0.738153
1.03895
1.32206
1.58277
1.81676
2.02017
2.18963
2.32235
2.41617
2.46956
2.48169
2.45239
2.38221
2.27237
2.12474
1.94183
1.72674
1.48308
1.21496
0.92689
0.623686
0.31043
0.00764134
0.325214
0.636991
0.937776
1.22256
1.48662
1.72557
1.93544
2.11277
2.25465
2.35874
2.42334
2.44744
2.43067
2.37335
2.2765
2.14177
1.97145
1.76843
1.53613
1.27847
0.99976
0.704687
0.398191
0.0853992
0.228462
0.538153
0.838512
1.12454
1.39147
1.63488
1.85073
2.03545
2.186
2.29989
2.37527
2.41093
2.40631
2.36153
2.2774
2.15535
1.99746
1.80642
1.58544
1.33825
1.069
0.782205
0.482678
0.175428
0.134408
0.441657
0.741194
1.02803
1.29739
1.54479
1.76614
1.95777
2.11651
2.23975
2.32547
2.37228
2.37944
2.34688
2.27519
2.16559
2.01998
1.8408
1.63109
1.39439
1.13467
0.856294
0.563927
0.262465
0.0430507
0.347516
0.645851
0.933082
1.20443
1.45537
1.68176
1.87982
2.0463
2.17843
2.27406
2.33163
2.35021
2.32954
2.27
2.17264
2.03911
1.87168
1.67319
1.44697
1.19685
0.927005
0.641976
0.346531
0.045615
0.255744
0.552514
0.839747
1.11266
1.3667
1.59767
1.80171
1.97547
2.11606
2.22117
2.2891
2.31873
2.30962
2.26197
2.17659
2.05497
1.89917
1.71182
1.49608
1.2556
0.994395
0.716862
0.427649
0.131595
0.16635
0.461209
0.748063
1.02213
1.27885
1.51395
1.72354
1.90413
2.05274
2.16692
2.24481
2.28513
2.28726
2.2512
2.17758
2.06768
1.92336
1.74708
1.5418
1.31099
1.05852
0.788626
0.505842
0.214897
0.0793423
0.37196
0.658071
0.932904
1.19188
1.4307
1.64538
1.83238
1.98858
2.11143
2.19889
2.24954
2.26258
2.23782
2.17571
2.07733
1.94436
1.77906
1.5842
1.36308
1.11942
0.857309
0.581136
0.295531
0.00527254
0.284788
0.569806
0.845028
1.10587
1.34798
1.56734
1.76032
1.9237
2.05479
2.15144
2.21207
2.23569
2.22194
2.1711
2.08405
1.96228
1.80785
1.62337
1.41196
1.17717
0.922951
0.653558
0.373509
0.0874911
0.199712
0.483304
0.75855
1.02086
1.26587
1.4895
1.68804
1.85819
1.99714
2.1026
2.17284
2.20671
2.20369
2.16387
2.08794
1.9772
1.83354
1.65939
1.45769
1.23182
0.985596
0.723136
0.448844
0.167312
0.11675
0.398595
0.673516
0.936929
1.18444
1.41194
1.61564
1.79215
1.93857
2.05246
2.13195
2.17576
2.18318
2.15412
2.0891
1.98924
1.85623
1.69234
1.50033
1.28343
1.04529
0.789901
0.521552
0.244737
0.0359138
0.315707
0.589969
0.854123
1.10376
1.33474
1.5432
1.72569
1.87918
2.00113
2.08954
2.14295
2.16051
2.14196
2.08763
1.99848
1.87601
1.7223
1.53996
1.33205
1.10207
0.853884
0.591651
0.319768
0.0427848
0.234665
0.507946
0.772495
1.0239
1.25797
1.47081
1.65889
1.81908
1.94872
2.04569
2.10839
2.1358
2.1275
2.08365
2.00502
1.89296
1.74936
1.57665
1.37775
1.156
0.915119
0.659161
0.392411
0.119337
0.155492
0.427484
0.692094
0.944907
1.18171
1.39856
1.59184
1.75836
1.89534
2.00053
2.07219
2.10916
2.11085
2.07725
2.00897
1.90717
1.77358
1.61047
1.42058
1.20711
0.973641
0.724103
0.462676
0.193738
0.0782083
0.348616
0.612967
0.866847
1.10602
1.32651
1.52464
1.69711
1.84108
1.95414
2.03445
2.08069
2.0921
2.06854
2.01042
1.91874
1.79507
1.64149
1.4606
1.25545
1.02949
0.786502
0.530571
0.265984
0.00282925
0.271372
0.535155
0.789774
1.03098
1.25475
1.45736
1.63544
1.78603
1.90664
1.99528
2.05049
2.07137
2.05761
2.00945
1.92775
1.81388
1.66978
1.49789
1.30109
1.0827
0.846383
0.59611
0.336074
0.0706309
0.195778
0.458699
0.713738
0.956637
1.18335
1.39009
1.57342
1.7303
1.85812
1.95477
2.01866
2.04875
2.04455
2.00618
1.93429
1.83012
1.69542
1.53249
1.34406
1.13331
0.903774
0.659308
0.404011
0.142161
0.12186
0.383634
0.638787
0.883058
1.11237
1.3229
1.51114
1.67397
1.80868
1.91303
1.98531
2.02434
2.02948
2.00068
1.93845
1.84385
1.71848
1.56448
1.38443
1.18137
0.958705
0.720182
0.4698
0.211753
0.0496362
0.309994
0.564967
0.810296
1.04189
1.25587
1.44869
1.61713
1.7584
1.87015
1.95054
1.99824
2.01249
1.99306
1.94031
1.85516
1.73903
1.59391
1.42224
1.22691
1.01121
0.778752
0.533446
0.279401
0.0208739
0.237809
0.49232
0.738405
0.971956
1.18907
1.38614
1.55987
1.70738
1.82623
1.91443
1.97055
1.99366
1.9834
1.93997
1.86413
1.75715
1.62086
1.45756
1.26999
1.06132
0.835039
0.59496
0.345103
0.0896558
0.167105
0.420882
0.667434
0.90264
1.12257
1.32357
1.50227
1.65572
1.78135
1.87708
1.94135
1.97309
1.97179
1.93751
1.87083
1.77291
1.64539
1.49043
1.31065
1.10906
0.889067
0.654353
0.408858
0.156697
0.0979065
0.350691
0.597428
0.833995
1.05644
1.26105
1.44441
1.60348
1.7356
1.83859
1.91074
1.95087
1.95833
1.93301
1.87536
1.78638
1.66756
1.52092
1.34893
1.15449
0.940863
0.711641
0.47067
0.221989
0.0302347
0.281778
0.528432
0.766072
0.990729
1.19865
1.38637
1.55076
1.68908
1.79904
1.87882
1.9271
1.9431
1.92656
1.87779
1.79763
1.68744
1.54908
1.38489
1.19763
0.990453
0.766839
0.530542
0.285524
0.0358925
0.214172
0.460483
0.698922
0.925503
1.13644
1.32822
1.49763
1.64187
1.75852
1.84567
1.90186
1.92618
1.91824
1.8782
1.80675
1.7051
1.57498
1.41857
1.23853
1.03787
0.819967
0.588483
0.347299
0.10046
0.147899
0.393621
0.632592
0.860818
1.07448
1.27002
1.44418
1.59404
1.71712
1.81137
1.87524
1.90767
1.90814
1.87667
1.8138
1.72061
1.59866
1.45003
1.27722
1.08314
0.871045
0.644502
0.407313
0.163456
0.0829833
0.327877
0.567125
0.796726
1.01284
1.21186
1.39047
1.54568
1.67491
1.77602
1.84732
1.88765
1.89634
1.87328
1.81887
1.73403
1.62021
1.47933
1.31376
1.1263
0.920097
0.698613
0.465568
0.22487
0.0194441
0.263282
0.502561
0.733277
0.951571
1.1538
1.33658
1.49686
1.63198
1.73968
1.81819
1.8662
1.88292
1.86811
1.82201
1.74543
1.63966
1.5065
1.34819
1.16739
0.967147
0.750829
0.522066
0.284697
0.042701
0.199865
0.438938
0.670517
0.890727
1.09589
1.28257
1.44766
1.5884
1.70246
1.78793
1.8434
1.86797
1.86123
1.82331
1.75488
1.6571
1.53161
1.38054
1.20644
1.01222
0.801168
0.576816
0.342931
0.103437
0.13765
0.376291
0.608491
0.830362
1.0382
1.22852
1.39815
1.54426
1.66441
1.75662
1.81934
1.85155
1.85272
1.82285
1.76245
1.67257
1.55471
1.41088
1.24349
1.05536
0.849649
0.629825
0.399571
0.162753
0.0766581
0.314651
0.547238
0.770526
0.980778
1.17448
1.34839
1.49962
1.62563
1.72434
1.79409
1.83375
1.84266
1.82068
1.76821
1.68615
1.57587
1.43924
1.27858
1.09657
0.896294
0.681105
0.45462
0.22064
0.0169093
0.254046
0.486797
0.711263
0.923689
1.12052
1.29847
1.45456
1.58618
1.69116
1.76774
1.81465
1.83112
1.8169
1.77223
1.69789
1.59513
1.46568
1.31175
1.13591
0.941124
0.730669
0.508079
0.277091
0.0415805
0.194503
0.427202
0.652619
0.866979
1.06669
1.24843
1.40914
1.54614
1.65716
1.74035
1.79432
1.81818
1.81156
1.77457
1.70786
1.61255
1.49025
1.34305
1.1734
0.984166
0.778534
0.559956
0.332102
0.0987978
0.136044
0.368486
0.594633
0.810696
1.01306
1.19834
1.36343
1.50558
1.62242
1.712
1.77284
1.80392
1.80474
1.7753
1.71612
1.62819
1.513
1.37251
1.20907
1.02545
0.824717
0.610258
0.385673
0.154732
0.0786902
0.310678
0.537343
0.754888
0.959668
1.14826
1.3175
1.46457
1.58701
1.68277
1.75028
1.7884
1.79651
1.7745
1.72274
1.64211
1.53399
1.40019
1.24298
1.065
0.869238
0.658997
0.437804
0.209375
0.0224582
0.253804
0.480785
0.699595
0.906569
1.09824
1.27141
1.42317
1.55099
1.65273
1.72671
1.7717
1.78695
1.77222
1.72778
1.65437
1.55325
1.42613
1.27515
1.10284
0.912119
0.706185
0.488499
0.26272
0.0326369
0.197889
0.42499
0.644859
0.853812
1.04835
1.22521
1.38144
1.51443
1.62195
1.70221
1.75389
1.77612
1.76854
1.7313
1.66503
1.57086
1.45038
1.30562
1.13902
0.953384
0.751836
0.537765
0.314765
0.0865828
0.142952
0.369988
0.590718
0.80144
0.998624
1.17897
1.33945
1.47739
1.59049
1.67685
1.73503
1.76408
1.76352
1.73337
1.67415
1.58686
1.47298
1.33444
1.17356
0.993058
0.79597
0.585608
0.365509
0.13937
0.0890131
0.315806
0.537205
0.749496
0.949121
1.13273
1.29726
1.43995
1.55842
1.65068
1.71521
1.75092
1.75723
1.73405
1.68178
1.60131
1.49399
1.36164
1.2065
1.03117
0.838603
0.63204
0.414954
0.190991
0.0360876
0.262469
0.484353
0.698019
0.899884
1.08656
1.25493
1.40217
1.52581
1.62379
1.69448
1.73669
1.74974
1.73341
1.68799
1.61426
1.51345
1.38728
1.23788
1.06775
0.879757
0.677074
0.463103
0.241441
0.0158111
0.209997
0.432193
0.647048
0.850957
1.0405
1.21251
1.36409
1.49272
1.59623
1.67291
1.72147
1.74111
1.73151
1.69284
1.62577
1.53142
1.4114
1.26772
1.10282
0.919455
0.720723
0.509963
0.290718
0.066672
0.15841
0.38075
0.596615
0.802383
0.994602
1.17005
1.32579
1.4592
1.56807
1.65056
1.70531
1.7314
1.72841
1.69639
1.63589
1.54795
1.43404
1.29609
1.13642
0.957722
0.763004
0.555541
0.338821
0.116487
0.107726
0.330051
0.546754
0.7542
0.948906
1.12761
1.28731
1.42533
1.53937
1.62751
1.68828
1.72068
1.72417
1.69869
1.64469
1.56308
1.45525
1.323
1.16858
0.994583
0.803936
0.599848
0.385753
0.165249
0.0579574
0.280116
0.497495
0.706444
0.903457
1.08523
1.24871
1.39116
1.51019
1.60381
1.67046
1.70902
1.71885
1.69981
1.65222
1.57688
1.47507
1.34851
1.19934
1.03007
0.843539
0.642897
0.431518
0.212955
0.00911717
0.230966
0.448864
0.659151
0.858298
1.04296
1.21004
1.35673
1.48059
1.57952
1.65188
1.69647
1.71253
1.69981
1.65853
1.58939
1.49356
1.37266
1.22873
1.0642
0.881834
0.684701
0.476122
0.259602
0.0387852
0.182618
0.400887
0.612353
0.813465
1.00085
1.17135
1.32212
1.45062
1.55471
1.63263
1.68309
1.70525
1.69874
1.66368
1.60066
1.51076
1.39549
1.2568
1.09702
0.918845
0.725278
0.519573
0.305193
0.0857422
0.135088
0.353586
0.566079
0.768996
0.958931
1.13269
1.28736
1.42035
1.52943
1.61276
1.66896
1.69708
1.69666
1.66773
1.61076
1.52672
1.41704
1.28357
1.12855
0.954599
0.764643
0.561882
0.349728
0.131749
0.0883882
0.306981
0.520356
0.724925
0.917253
1.09411
1.25252
1.38983
1.50373
1.59232
1.65412
1.68808
1.69364
1.67073
1.61973
1.5415
1.43737
1.30909
1.15883
0.98912
0.802819
0.603062
0.393212
0.176802
0.0425296
0.261092
0.47521
0.681284
0.87585
1.05564
1.21763
1.3591
1.47768
1.57138
1.63863
1.6783
1.68973
1.67274
1.62762
1.55513
1.4565
1.3334
1.18789
1.02244
0.839824
0.643125
0.435653
0.2209
0.00247921
0.215934
0.430665
0.638103
0.83476
1.01733
1.18275
1.32823
1.45133
1.55
1.62256
1.66781
1.68499
1.67383
1.6345
1.56768
1.4745
1.35654
1.21577
1.05458
0.875683
0.682088
0.477058
0.264044
0.0466316
0.17152
0.386741
0.595409
0.794016
0.979222
1.14791
1.29725
1.42473
1.52822
1.60596
1.65666
1.67948
1.67403
1.64041
1.57919
1.49141
1.37855
1.24251
1.08558
0.91042
0.719969
0.517438
0.306237
0.0899232
0.127863
0.343457
0.553229
0.75365
0.94135
1.11317
1.26622
1.39794
1.5061
1.58889
1.64492
1.67325
1.67342
1.64541
1.58972
1.50727
1.39947
1.26813
1.11547
0.94406
0.756786
0.556804
0.347485
0.132351
0.084973
0.30083
0.511585
0.713693
0.903751
1.07856
1.23519
1.37099
1.48369
1.57139
1.63263
1.66636
1.67203
1.64956
1.59931
1.52214
1.41936
1.29269
1.14428
0.976631
0.792559
0.595171
0.387792
0.173915
0.0428573
0.258875
0.470501
0.674172
0.86646
1.04413
1.20419
1.34395
1.46105
1.55354
1.61984
1.65887
1.66994
1.6529
1.60802
1.53606
1.43825
1.31623
1.17205
1.00816
0.827312
0.632554
0.427168
0.214616
0.0015221
0.217606
0.429995
0.635114
0.829509
1.00991
1.17327
1.31685
1.43823
1.53537
1.60663
1.65082
1.6672
1.65549
1.61589
1.54908
1.45619
1.33877
1.19881
1.03868
0.861067
0.668969
0.465623
0.254457
0.0390284
0.177033
0.390087
0.596544
0.792928
0.975931
1.14247
1.28974
1.41527
1.51694
1.59303
1.64228
1.66385
1.65738
1.62299
1.56126
1.47322
1.36037
1.2246
1.06822
0.893849
0.704435
0.503168
0.293442
0.0787919
0.137166
0.350791
0.558485
0.756747
0.942238
1.11183
1.26267
1.39222
1.49829
1.57911
1.6333
1.65996
1.65864
1.62936
1.57263
1.48939
1.38106
1.24946
1.09681
0.925685
0.738971
0.539817
0.331579
0.117768
0.098012
0.312123
0.520957
0.720993
0.908861
1.08139
1.23568
1.36913
1.47949
1.5649
1.62393
1.65557
1.6593
1.63506
1.58325
1.50475
1.40089
1.27342
1.12448
0.956601
0.7726
0.575583
0.368873
0.155957
0.0595778
0.274095
0.483979
0.685691
0.87583
1.05119
1.20882
1.34605
1.46058
1.55048
1.61422
1.65074
1.65943
1.64013
1.59317
1.51935
1.4199
1.29652
1.15128
0.986627
0.805343
0.610484
0.405337
0.193361
0.0218673
0.236719
0.44757
0.650865
0.843176
1.02126
1.18211
1.32302
1.44161
1.53587
1.60423
1.64553
1.65907
1.64463
1.60244
1.53322
1.43814
1.31881
1.17723
1.01579
0.837224
0.644536
0.440978
0.229986
0.0151167
0.200004
0.411746
0.616539
0.810927
0.991631
1.1556
1.30008
1.42261
1.52114
1.59401
1.63998
1.65828
1.6486
1.61111
1.54643
1.45565
1.34032
1.20237
1.04413
0.868268
0.677758
0.475812
0.265836
0.051373
0.163957
0.376521
0.582732
0.77911
0.962341
1.12933
1.27727
1.40365
1.50634
1.58361
1.63415
1.65712
1.65211
1.61923
1.55901
1.47248
1.36109
1.22673
1.07166
0.898502
0.710171
0.50985
0.300918
0.0869017
0.128586
0.341909
0.549465
0.747752
0.933421
1.10334
1.25463
1.38475
1.4915
1.57307
1.62809
1.65562
1.65521
1.62685
1.57102
1.48867
1.38118
1.25036
1.09843
0.927951
0.741796
0.543107
0.335241
0.121705
0.093896
0.307921
0.516756
0.716875
0.904899
1.07765
1.23222
1.36598
1.47668
1.56246
1.62185
1.65386
1.65794
1.63402
1.5825
1.50426
1.40061
1.27329
1.12447
0.956646
0.772654
0.575601
0.368814
0.155784
0.0598902
0.274568
0.484622
0.686504
0.876806
1.05231
1.21005
1.34737
1.46193
1.55181
1.61548
1.65187
1.66035
1.64079
1.59351
1.51931
1.41943
1.29557
1.14981
0.984614
0.802769
0.607347
0.401648
0.189145
0.0265714
0.241858
0.453078
0.656661
0.849168
1.02734
1.18818
1.32895
1.44729
1.54117
1.60903
1.6497
1.66251
1.64722
1.60409
1.53386
1.43769
1.31723
1.17449
1.01189
0.832167
0.638366
0.433755
0.221793
0.00605918
0.209801
0.422138
0.627365
0.822012
1.00279
1.16664
1.31078
1.4328
1.5306
1.60255
1.64742
1.66445
1.65335
1.6143
1.54795
1.45544
1.33831
1.19854
1.03849
0.860871
0.668674
0.465149
0.253734
0.0380013
0.178402
0.391817
0.598638
0.795365
0.978672
1.14546
1.2929
1.4185
1.52014
1.59609
1.64507
1.66624
1.65923
1.62417
1.56165
1.47271
1.35885
1.222
1.06447
0.88891
0.698295
0.495843
0.284975
0.069256
0.147667
0.362127
0.570496
0.76925
0.955026
1.12468
1.27534
1.40446
1.50984
1.58971
1.6427
1.66791
1.66492
1.63377
1.57499
1.48955
1.3789
1.24491
1.08984
0.916309
0.727247
0.525852
0.315526
0.0998251
0.117602
0.333079
0.54296
0.743693
0.931881
1.10434
1.25815
1.3907
1.49974
1.58344
1.64036
1.66953
1.67047
1.64315
1.58802
1.506
1.3985
1.26731
1.11465
0.943097
0.755555
0.555192
0.345395
0.129711
0.0882103
0.304683
0.516044
0.718715
0.909265
1.08447
1.24135
1.37726
1.48989
1.57734
1.6381
1.67115
1.67593
1.65234
1.60079
1.52213
1.41769
1.28923
1.13892
0.969302
0.783241
0.583881
0.374594
0.158919
0.0594943
0.27695
0.489766
0.69434
0.887207
1.0651
1.225
1.3642
1.48034
1.57145
1.63597
1.67282
1.68135
1.66142
1.61335
1.53796
1.43651
1.31071
1.1627
0.994956
0.810329
0.611936
0.403133
0.187452
0.0314567
0.249887
0.464141
0.67059
0.865735
1.04627
1.20913
1.35156
1.47114
1.56583
1.63403
1.67458
1.68678
1.67041
1.62575
1.55355
1.45501
1.3318
1.18601
1.02009
0.836843
0.639375
0.431024
0.215316
0.00409886
0.223504
0.439184
0.647485
0.844875
1.02801
1.19378
1.33937
1.46232
1.56053
1.63233
1.6765
1.69228
1.67939
1.63805
1.56894
1.47324
1.35254
1.2089
1.04473
0.862809
0.666218
0.458281
0.242516
0.0225782
0.197808
0.41491
0.625046
0.824655
1.01035
1.17898
1.32769
1.45394
1.55559
1.63091
1.67862
1.69789
1.6884
1.65028
1.58419
1.49123
1.37297
1.2314
1.06891
0.888254
0.692485
0.484916
0.26906
0.0485743
0.172807
0.391331
0.603294
0.805101
0.993327
1.16478
1.31654
1.44603
1.55106
1.62983
1.68099
1.70368
1.69748
1.66251
1.59935
1.50904
1.39312
1.25354
1.09266
0.913203
0.718195
0.510943
0.294955
0.0738893
0.148507
0.368463
0.58225
0.78624
0.976971
1.1512
1.30598
1.43866
1.54699
1.62913
1.68368
1.70969
1.70671
1.67479
1.61445
1.52671
1.41305
1.27538
1.11603
0.937683
0.743371
0.536377
0.320207
0.0985238
0.124914
0.346319
0.561934
0.768099
0.961315
1.1383
1.29604
1.43186
1.54344
1.62888
1.68672
1.71597
1.71613
1.68716
1.62956
1.5443
1.43279
1.29694
1.13903
0.961724
0.768033
0.561232
0.344825
0.122479
0.102036
0.324911
0.542365
0.750704
0.946391
1.1261
1.28677
1.42568
1.54045
1.62912
1.69019
1.7226
1.72578
1.69969
1.64473
1.56184
1.4524
1.31827
1.1617
0.985352
0.792203
0.585523
0.368816
0.145755
0.0798785
0.304254
0.523564
0.734083
0.932233
1.11465
1.27822
1.42017
1.53807
1.62991
1.69413
1.72961
1.73574
1.71241
1.66
1.57938
1.47191
1.3394
1.18409
1.0086
0.815904
0.609267
0.39219
0.168353
0.0584475
0.284361
0.505552
0.718261
0.918874
1.10398
1.27042
1.41537
1.53635
1.6313
1.69859
1.73707
1.74606
1.7254
1.67543
1.59698
1.49137
1.36038
1.20622
1.03149
0.839158
0.632479
0.414955
0.190274
0.0377496
0.265245
0.488349
0.703268
0.906348
1.09413
1.26343
1.41134
1.53536
1.63335
1.70364
1.74503
1.75679
1.73871
1.69108
1.61469
1.51083
1.38125
1.22813
1.05406
0.86199
0.655175
0.437118
0.21152
0.0177915
0.246922
0.471977
0.689131
0.89469
1.08515
1.25728
1.40813
1.53513
1.63611
1.70934
1.75355
1.76799
1.75239
1.70699
1.63256
1.53033
1.40204
1.24985
1.07633
0.884421
0.67737
0.45869
0.232091
0.00141996
0.229404
0.456458
0.67588
0.883935
1.07708
1.25202
1.40578
1.53573
1.63964
1.71573
1.7627
1.77972
1.7665
1.72323
1.65063
1.54993
1.42282
1.27143
1.09834
0.906476
0.699082
0.479678
0.251987
0.0198772
0.212708
0.441815
0.663544
0.87412
1.06996
1.24771
1.40436
1.53721
1.644
1.72289
1.77253
1.79205
1.7811
1.73984
1.66897
1.56967
1.44361
1.29291
1.12012
0.92818
0.720326
0.50009
0.27121
0.0375723
0.19685
0.428071
0.652154
0.865284
1.06383
1.2444
1.40391
1.53963
1.64925
1.73088
1.78311
1.80503
1.79625
1.7569
1.68763
1.5896
1.46446
1.31431
1.14171
0.949555
0.741119
0.519935
0.289757
0.0544965
0.181847
0.415252
0.641745
0.857466
1.05874
1.24212
1.40449
1.54306
1.65546
1.73975
1.7945
1.81873
1.81202
1.77446
1.70667
1.60978
1.48542
1.33569
1.16312
0.970626
0.761478
0.53922
0.307629
0.07064
0.167717
0.403385
0.632349
0.850707
1.05473
1.24095
1.40616
1.54755
1.66268
1.74959
1.80676
1.83321
1.82847
1.79258
1.72614
1.63025
1.50654
1.35708
1.1844
0.991419
0.781417
0.557953
0.324824
0.0859922
0.154479
0.392496
0.624003
0.845052
1.05187
1.24092
1.40898
1.55316
1.671
1.76045
1.81998
1.84856
1.84566
1.81132
1.7461
1.65108
1.52786
1.37852
1.20557
1.01196
0.800953
0.57614
0.341339
0.100541
0.142155
0.382617
0.616745
0.840545
1.0502
1.24212
1.41302
1.55998
1.68046
1.77241
1.83422
1.86483
1.86367
1.83076
1.76662
1.67231
1.54943
1.40005
1.22668
1.03227
0.820102
0.593788
0.35717
0.114274
0.130767
0.373778
0.610615
0.837236
1.04977
1.24458
1.41834
1.56806
1.69117
1.78554
1.84956
1.8821
1.88257
1.85095
1.78775
1.69401
1.57131
1.42172
1.24775
1.05237
0.838879
0.610901
0.372314
0.127175
0.120341
0.366015
0.605657
0.835176
1.05065
1.24839
1.42501
1.57748
1.70317
1.79993
1.86608
1.90045
1.90244
1.87198
1.80957
1.71624
1.59355
1.44357
1.26883
1.0723
0.857299
0.627485
0.386763
0.139229
0.110902
0.359363
0.601917
0.834419
1.05289
1.2536
1.43311
1.58832
1.71657
1.81566
1.88385
1.91996
1.92335
1.89392
1.83214
1.73905
1.61619
1.46564
1.28994
1.09207
0.875377
0.643543
0.40051
0.150416
0.10248
0.353863
0.599443
0.835024
1.05657
1.2603
1.44271
1.60066
1.73145
1.8328
1.90297
1.94072
1.94538
1.91683
1.85554
1.76251
1.6393
1.48799
1.31113
1.11172
0.893127
0.659077
0.413547
0.160715
0.0951077
0.349558
0.59829
0.837053
1.06176
1.26856
1.4539
1.6146
1.74789
1.85146
1.92353
1.96281
1.96862
1.94081
1.87983
1.78669
1.66294
1.51066
1.33243
1.13126
0.910564
0.674091
0.425862
0.170105
0.0888202
0.346494
0.598515
0.840573
1.06852
1.27846
1.46677
1.63022
1.76599
1.87174
1.94562
1.98634
1.99316
1.96595
1.90511
1.81166
1.68716
1.53371
1.35388
1.15073
0.927701
0.688583
0.437442
0.178558
0.0836559
0.344722
0.60018
0.845657
1.07695
1.29009
1.48141
1.64762
1.78586
1.89373
1.96935
2.01139
2.01911
1.99232
1.93145
1.8375
1.71204
1.55717
1.37552
1.17015
0.94455
0.702552
0.448273
0.186045
0.0796577
0.344298
0.603352
0.852383
1.08712
1.30355
1.49793
1.66692
1.80761
1.91755
1.99483
2.03809
2.04655
2.02003
1.95894
1.86428
1.73763
1.58112
1.39739
1.18955
0.961125
0.715997
0.458336
0.192535
0.0768722
0.345282
0.608104
0.860836
1.09914
1.31894
1.51643
1.68822
1.83134
1.94331
2.02217
2.06654
2.07561
2.04918
1.98767
1.89208
1.76401
1.6056
1.41954
1.20896
0.977437
0.728912
0.467612
0.19799
0.0753511
0.34774
0.614516
0.871107
1.11311
1.33637
1.53704
1.71166
1.8572
1.97115
2.05151
2.09686
2.10639
2.07988
2.01774
1.921
1.79125
1.63068
1.442
1.2284
0.993498
0.741293
0.476076
0.202371
0.0751515
0.351745
0.622675
0.883297
1.12914
1.35597
1.55988
1.73735
1.88532
2.0012
2.08298
2.1292
2.13903
2.11225
2.04927
1.95112
1.81943
1.65642
1.46483
1.2479
1.00932
0.75313
0.483703
0.205631
0.0763364
0.357377
0.632677
0.897515
1.14734
1.37786
1.58509
1.76546
1.91584
2.03361
2.11672
2.16368
2.17365
2.14641
2.08236
1.98255
1.84865
1.68289
1.48808
1.2675
1.02491
0.764414
0.490461
0.207721
0.0789754
0.364723
0.644626
0.91388
1.16786
1.40219
1.61283
1.79614
1.94893
2.06855
2.15289
2.20047
2.21041
2.18249
2.11713
2.0154
1.87898
1.71016
1.5118
1.28723
1.04028
0.775132
0.496316
0.208584
0.0831459
0.373881
0.658637
0.932525
1.19084
1.42912
1.64326
1.82955
1.98476
2.10618
2.19168
2.23974
2.24947
2.22066
2.15373
2.04978
1.91053
1.73831
1.53604
1.30711
1.05543
0.785269
0.501228
0.208157
0.0889335
0.384957
0.674837
0.953593
1.21643
1.45882
1.67656
1.8659
2.02353
2.14671
2.23326
2.28166
2.29099
2.26106
2.19229
2.08582
1.9434
1.76743
1.56086
1.32719
1.07038
0.794806
0.505153
0.20637
0.0964335
0.398071
0.693366
0.977244
1.24482
1.49147
1.71294
1.90538
2.06544
2.19034
2.27785
2.32643
2.33518
2.30387
2.23298
2.12366
1.97772
1.7976
1.58634
1.3475
1.08514
0.803722
0.50804
0.203144
0.105752
0.413353
0.71438
1.00365
1.2762
1.5273
1.75261
1.94823
2.11074
2.2373
2.32568
2.37429
2.38223
2.34929
2.27597
2.16345
2.0136
1.82892
1.61253
1.36808
1.09971
0.811993
0.509833
0.19839
0.117007
0.430951
0.738051
1.03302
1.31078
1.56652
1.79582
1.9947
2.15967
2.28786
2.37699
2.42547
2.43238
2.39753
2.32145
2.20536
2.05119
1.86151
1.63952
1.38896
1.1141
0.81959
0.510468
0.19201
0.130332
0.451029
0.764571
1.06556
1.3488
1.60941
1.84285
2.04506
2.21253
2.3423
2.43208
2.48024
2.48588
2.44883
2.36963
2.24957
2.09064
1.89548
1.66739
1.41021
1.12831
0.826479
0.50987
0.183892
0.145873
0.473768
0.794156
1.10152
1.39055
1.65624
1.89399
2.09965
2.26963
2.40094
2.49124
2.5389
2.54302
2.50344
2.42075
2.2963
2.13212
1.93097
1.69623
1.43186
1.14235
0.832622
0.507959
0.173912
0.163799
0.499376
0.827047
1.14116
1.4363
1.70734
1.94958
2.1588
2.33133
2.46413
2.55483
2.6018
2.60412
2.56167
2.47508
2.34576
2.17582
1.96812
1.72614
1.45397
1.15623
0.837975
0.504642
0.161927
0.184296
0.528082
0.863514
1.18481
1.48641
1.76308
2.01002
2.22292
2.39804
2.53228
2.62326
2.6693
2.66953
2.62384
2.53291
2.39821
2.22196
2.00711
1.75725
1.47661
1.16995
0.842489
0.499811
0.147778
0.207578
0.560149
0.903865
1.23279
1.54124
1.82386
2.07573
2.29244
2.47019
2.60584
2.69694
2.74185
2.73966
2.69033
2.59458
2.45396
2.27078
2.04811
1.78967
1.49984
1.18352
0.846107
0.493349
0.131282
0.233884
0.595873
0.948448
1.28552
1.60125
1.89015
2.1472
2.36788
2.54832
2.68532
2.77641
2.81991
2.81497
2.76155
2.66046
2.51332
2.32255
2.09134
1.82356
1.52373
1.19695
0.848762
0.485116
0.112233
0.26349
0.635591
0.997656
1.34343
1.66691
1.96248
2.22498
2.44981
2.633
2.7713
2.86221
2.90405
2.89597
2.838
2.73099
2.57667
2.37759
2.13704
1.85908
1.54839
1.21024
0.850381
0.474957
0.0903944
0.296708
0.67969
1.05194
1.40703
1.73879
2.04145
2.30972
2.53889
2.72491
2.86446
2.95502
2.9949
2.98327
2.92021
2.80667
2.64445
2.43624
2.1855
1.89643
1.57391
1.2234
0.850876
0.462692
0.065493
0.333901
0.728614
1.11183
1.47692
1.81755
2.12777
2.40215
2.63588
2.82481
2.96557
3.05559
3.09318
3.07756
3.00884
2.88806
2.71716
2.49893
2.23703
1.93582
1.6004
1.23644
0.850149
0.448111
0.037215
0.375483
0.782875
1.17792
1.55378
1.90392
2.22223
2.50312
2.74166
2.9336
3.07551
3.16479
3.19975
3.17963
3.10461
2.97583
2.79536
2.56614
2.29199
1.97751
1.628
1.24938
0.848084
0.430975
0.00519575
0.421939
0.843069
1.25091
1.6384
1.99878
2.32577
2.61362
2.85725
3.05233
3.19533
3.28365
3.31558
3.29041
3.20839
3.07076
2.87973
2.63842
2.35084
2.02181
1.65688
1.26222
0.844548
0.411003
0.0309903
0.473834
0.909891
1.33162
1.7317
2.10316
2.4395
2.7348
2.98385
3.18219
3.32625
3.41336
3.44184
3.411
3.32118
3.17375
2.97106
2.71643
2.41408
2.06907
1.68721
1.27498
0.839385
0.387864
0.0718429
0.53183
0.984162
1.42101
1.83477
2.21824
2.5647
2.86803
3.12287
3.32465
3.4697
3.55534
3.57988
3.54268
3.44419
3.28588
3.0703
2.80095
2.48231
2.1197
1.71924
1.28769
0.832411
0.36117
0.117953
0.596715
1.06685
1.52021
1.94891
2.34546
2.70291
3.01493
3.27599
3.4814
3.6274
3.71127
3.73133
3.687
3.57883
3.40844
3.17855
2.89291
2.55626
2.17422
1.75321
1.30038
0.823409
0.330457
0.170026
0.669425
1.15911
1.63059
2.07566
2.48652
2.85596
3.17744
3.44523
3.65449
3.80139
3.88316
3.89813
3.8458
3.72681
3.54295
3.29716
2.99343
2.6368
2.23322
1.78948
1.31307
0.81212
0.295171
0.228907
0.751087
1.26234
1.75379
2.21688
2.64348
3.02608
3.3579
3.63299
3.84639
3.99415
4.07345
4.08266
4.02131
3.8902
3.69129
3.42776
3.10388
2.725
2.29745
1.82842
1.32583
0.798231
0.254638
0.295623
0.843071
1.37823
1.89181
2.37483
2.81883
3.21596
3.55915
3.84226
4.06013
4.2087
4.28513
4.28777
4.21627
4.07154
3.85575
3.57234
3.2259
2.82215
2.36782
1.87053
1.3387
0.78136
0.208037
0.371431
0.947053
1.50886
2.04708
2.55231
3.01565
3.42891
3.78472
4.07667
4.29941
4.44878
4.52187
4.51705
4.43405
4.27394
4.03915
3.73337
3.36157
2.92987
2.44544
1.91643
1.35176
0.761041
0.154352
0.457887
1.06512
1.65681
2.22266
2.75276
3.23777
3.66908
4.03898
4.34076
4.56888
4.71904
4.78824
4.77491
4.67886
4.50134
4.24502
3.91395
3.51347
3.05017
2.53175
1.96689
1.36513
0.736689
0.0923104
0.556944
1.19987
1.82531
2.42236
2.98054
3.48999
3.94166
4.32742
4.64026
4.87439
5.02534
5.09006
5.06698
4.95604
4.75868
4.47786
4.118
3.68489
3.18564
2.62853
2.02288
1.37892
0.707567
0.0202989
0.671082
1.35464
2.01849
2.65105
3.2412
3.77848
4.25331
4.65711
4.98251
5.22343
5.37523
5.43476
5.40048
5.27245
5.05234
4.74343
4.35057
3.88006
3.33959
2.73812
2.0857
1.39332
0.672731
0.0637618
0.803504
1.53371
2.24169
2.91505
3.54193
4.11119
4.61265
5.03721
5.37704
5.62576
5.7785
5.83203
5.78481
5.63703
5.39064
5.04928
4.61827
4.10451
3.51638
2.86359
2.15702
1.40858
0.630945
0.162597
0.958415
1.74274
2.50193
3.22266
3.89222
4.49867
5.03111
5.47981
5.83647
6.0943
6.24818
6.29474
6.23247
6.0617
5.78468
5.40547
4.92994
4.36567
3.72183
3.00902
2.23911
1.42503
0.580569
0.279852
1.14145
1.98931
2.80865
3.58508
4.30486
4.9551
5.52406
6.00129
6.37787
6.64654
6.80187
6.84034
6.76042
6.56263
6.24953
5.82568
5.29759
4.67364
3.96391
3.18005
2.33507
1.44314
0.519367
0.420508
1.36032
2.2838
3.17482
4.01769
4.79744
5.50006
6.11277
6.62426
7.02484
7.30671
7.46403
7.49306
7.39227
7.16235
6.80622
6.32903
5.73805
5.04257
4.25378
3.38455
2.44929
1.46363
0.444219
0.591559
1.6259
2.64088
3.61875
4.54224
5.39488
6.16128
6.82741
7.38085
7.81102
8.10937
8.26955
8.28755
8.16178
7.89313
7.48494
6.94302
6.27554
5.49289
4.60757
3.63398
2.58814
1.48751
0.350637
0.803126
1.95395
3.08186
4.1671
5.19046
6.1336
6.97939
7.71223
8.3183
8.78585
9.1054
9.26993
9.27502
9.11898
8.80287
8.33054
7.70855
6.94615
6.05509
5.04945
3.94547
2.76124
1.51642
0.231931
1.07039
2.36817
3.63888
4.86021
6.01044
7.06888
8.01616
8.83464
9.50868
10.025
10.3728
10.5443
10.5343
10.341
9.96556
9.41244
8.68909
7.80605
6.77672
5.61718
4.34597
2.98375
1.55301
0.0777185
1.41713
2.90587
4.36264
5.76181
7.0784
8.28857
9.36999
10.3023
11.0673
11.6498
12.0371
12.22
12.1926
11.9526
11.5013
10.8436
9.98821
8.94711
7.73581
6.37293
4.87995
3.28089
1.60195
0.128943
1.88256
3.62886
5.3375
6.97833
8.52195
9.94017
11.2066
12.2969
13.1896
13.8663
14.3118
14.5148
14.4681
14.1685
13.6172
12.8196
11.7856
10.5293
9.06871
7.42579
5.62591
3.6976
1.67205
0.417348
2.53554
4.64637
6.71319
8.69946
10.5694
12.2886
13.8245
15.1473
16.2301
17.0499
17.5874
17.8282
17.7623
17.3851
16.697
15.704
14.417
12.8527
11.0324
8.98246
6.73362
4.32066
1.78187
0.841513
3.50594
6.16625
8.77638
11.2901
13.662
15.8478
17.8057
19.4966
20.8853
21.9408
22.6371
22.9538
22.8763
22.3967
21.5133
20.2316
18.5638
16.5292
14.1536
11.4693
8.5148
5.334
1.97591
1.50618
5.05549
8.61253
12.1161
15.5042
18.715
21.6882
24.3656
26.6923
28.618
30.0975
31.0921
31.5701
31.5074
30.8887
29.7075
27.9668
25.679
22.8666
19.5615
15.8052
11.6484
7.15002
2.37726
2.59587
7.68932
12.8181
17.8938
22.8254
27.5215
31.8913
35.8464
39.3024
42.1807
44.4098
45.9273
46.681
46.6306
45.7486
44.0217
41.4518
38.0561
33.8678
28.9365
23.3274
17.1212
10.4128
3.31058
4.06571
11.5866
19.1154
26.5104
33.628
40.3258
46.4654
51.9159
56.5566
60.2809
62.9982
64.6369
65.1465
64.4991
62.6906
59.7412
55.6951
50.6202
44.6062
37.7632
30.2188
22.1154
13.6072
4.85614
3.9714
12.7084
21.1908
29.2613
36.7722
43.589
49.5922
54.6801
58.7705
61.8014
63.7323
64.5445
64.2402
62.843
60.3958
56.9603
52.6146
47.452
41.5782
35.1093
28.1694
20.8881
13.3979
5.83173
1.67906
9.00738
16.0323
22.6411
28.7309
34.21
38.9994
43.0339
46.2624
48.6486
50.1715
50.8248
50.6171
49.5711
47.7229
45.1211
41.8258
37.907
33.4435
28.5214
23.2321
17.6713
11.9368
6.12703
0.339658
5.33035
10.792
15.9597
20.7546
25.1055
28.9501
32.2358
34.9202
36.9713
38.3686
39.1024
39.1741
38.5959
37.3903
35.5895
33.235
30.3763
27.0702
23.3797
19.3728
15.1213
10.6998
6.18398
1.64986
2.82779
7.1765
11.3272
15.2154
18.7819
21.9741
24.7461
27.0599
28.8856
30.2018
30.9956
31.2632
31.009
30.2462
28.9959
27.2869
25.1548
22.6418
19.7954
16.6678
13.3151
9.79582
6.17061
2.50074
1.15278
4.73013
8.1737
11.4289
14.4452
17.1765
19.5824
21.6281
23.2854
24.5329
25.356
25.7475
25.7073
25.2423
24.3663
23.0996
21.4686
19.5053
17.2468
14.7343
12.0127
9.1298
6.13521
3.07978
0.0146685
3.00952
5.94352
8.7402
11.3553
13.7482
15.8822
17.7258
19.2521
20.4401
21.2746
21.7464
21.8522
21.5948
20.9831
20.0316
18.7601
17.1935
15.3613
13.2969
11.0372
8.62172
6.09221
3.49175
0.864067
1.74717
4.29906
6.75021
9.06133
11.1959
13.1207
14.8064
16.2278
17.3645
18.2008
18.7264
18.936
18.8296
18.4125
17.6948
16.6918
15.423
13.9123
12.1872
10.2785
8.21963
6.04616
3.79521
1.50477
0.786926
3.042
5.22358
7.29637
9.22724
10.9857
12.5445
13.8798
14.9718
15.8049
16.3678
16.6539
16.6613
16.3924
15.8544
15.0589
14.0214
12.7613
11.3017
9.66862
7.89059
5.99843
4.02447
2.00213
0.0347116
2.05224
4.01726
5.89777
7.66343
9.28608
10.7402
12.0032
13.0559
13.8828
14.4723
14.8165
14.9121
14.7597
14.3638
13.7332
12.8803
11.8211
10.575
9.16415
7.6133
5.9493
4.20065
2.39698
0.568614
1.25399
3.04071
4.76228
6.39073
7.89988
9.26572
10.4668
11.4846
12.3037
12.9122
13.3016
13.4674
13.4084
13.1275
12.6311
11.9291
11.0346
9.96407
8.73654
7.37356
5.89873
4.33735
2.71592
1.06175
0.5975
2.23433
3.82179
5.33397
6.74637
8.03636
9.18347
10.1698
10.9801
11.6023
12.0274
12.25
12.2676
12.0816
11.6965
11.12
10.3632
9.43982
8.36634
7.16162
5.84655
4.4437
2.97692
1.47097
0.0489266
1.55749
3.02981
4.44172
5.77025
6.99395
8.09325
9.05079
9.85166
10.4836
10.9374
11.2066
11.288
11.1815
10.8902
10.42
9.78001
8.98188
8.0399
6.97062
5.79259
4.52605
3.19256
1.81466
0.415481
0.981651
2.35358
3.67773
4.93245
6.09737
7.15375
8.08476
8.87573
9.51445
9.99125
10.2992
10.4344
10.3954
10.1842
9.80515
9.26566
8.57563
7.74743
6.79561
5.73671
4.58893
3.37185
2.10606
0.812842
0.486193
1.76947
3.01579
4.2047
5.31683
6.33418
7.24043
8.02119
8.66425
9.15973
9.50027
9.68111
9.70017
9.55805
9.25805
8.80602
8.21034
7.48169
6.63292
5.67877
4.63568
3.52144
2.35493
1.15579
0.0558912
1.25995
2.43646
3.56604
4.63022
5.61169
6.49462
7.2649
7.91037
8.42098
8.78899
9.00906
9.07834
8.99649
8.76566
8.39048
7.87795
7.23729
6.47981
5.6187
4.66879
3.64631
2.56861
1.45385
0.320737
0.81184
1.92509
3.00063
4.0208
4.96897
5.82976
6.58934
7.23561
7.75842
8.14971
8.40367
8.51677
8.48783
8.31806
8.01096
7.57233
7.01009
6.3342
5.55643
4.6902
3.75032
2.75275
1.71433
0.65251
0.414983
1.4704
2.49627
3.47572
4.39271
5.23232
5.98098
6.62669
7.15924
7.57033
7.85369
8.00524
8.02308
7.90756
7.6612
7.28873
6.79691
6.19447
5.49192
4.7014
3.83644
2.91174
1.94293
0.946308
0.0614601
1.06359
2.04346
2.98492
3.87249
4.6917
5.42924
6.07325
6.61344
7.04132
7.35029
7.53575
7.59517
7.52813
7.3363
7.02343
6.59524
6.05936
5.42515
4.70359
3.90705
3.04906
2.14416
1.20758
0.254997
0.697688
1.63466
2.54042
3.40006
4.19951
4.92574
5.56702
6.11305
6.55516
6.88647
7.10194
7.19848
7.17498
7.03236
6.77347
6.4031
5.92788
5.35613
4.69776
3.96405
3.16752
2.32165
1.44069
0.539418
0.367106
1.26381
2.13583
2.96879
3.74901
4.46374
5.10139
5.65167
6.1058
6.45661
6.69871
6.8285
6.84428
6.74624
6.53648
6.21891
5.79925
5.28486
4.68468
4.00902
3.26938
2.47832
1.64918
0.795882
0.0673061
0.926003
1.76596
2.5733
3.33473
4.03778
4.671
5.22414
5.68831
6.05615
6.32191
6.48158
6.53289
6.47543
6.31054
6.04139
5.67284
5.21138
4.66504
4.04321
3.35652
2.61661
1.83597
1.02773
0.205429
0.617228
1.42657
2.20919
2.95219
3.64337
4.27144
4.82619
5.29867
5.68134
5.96816
6.15472
6.23828
6.21784
6.0941
5.86951
5.54815
5.13572
4.63939
4.06772
3.43049
2.7385
2.00346
1.23775
0.454177
0.334155
1.11413
1.87282
2.5977
3.27682
3.89908
4.45432
4.93356
5.3291
5.63465
5.84546
5.95835
5.97178
5.88588
5.70242
5.42479
5.05792
4.60822
4.08345
3.49259
2.84568
2.15368
1.42823
0.681508
0.0740056
0.825722
1.56116
2.26815
2.93504
3.55088
4.10561
4.59021
4.99686
5.31906
5.55175
5.69134
5.73584
5.68481
5.53943
5.30243
4.97804
4.57194
4.09116
3.54393
2.93958
2.28832
1.60114
0.889585
0.165556
0.558869
1.27165
1.96097
2.61544
3.22432
3.77761
4.2663
4.68247
5.01944
5.27186
5.43581
5.50884
5.49003
5.37999
5.18082
4.89613
4.53093
4.09153
3.58547
3.02139
2.40883
1.75814
1.08024
0.38651
0.311484
1.00212
1.67394
2.31584
2.91723
3.46824
3.95986
4.38412
4.73415
5.00437
5.19054
5.28981
5.30081
5.22361
5.05977
4.81228
4.48551
4.08513
3.61802
3.09215
2.51645
1.90063
1.25506
0.590548
0.0817861
0.750744
1.40521
2.03436
2.62779
3.17574
3.66925
4.10026
4.4618
4.74806
4.9545
5.07793
5.11653
5.06991
4.93911
4.72654
4.43597
4.07247
3.64229
3.15278
2.61226
2.02985
1.41537
0.779123
0.131756
0.515936
1.15318
1.76941
2.35444
2.89863
3.39304
3.8296
4.20122
4.50189
4.72682
4.87249
4.93669
4.91859
4.81873
4.63899
4.38259
4.05401
3.65892
3.20406
2.69719
2.14686
1.56236
0.953493
0.330463
0.296332
0.916458
1.51962
2.09584
2.63559
3.13002
3.57101
3.95138
4.26498
4.50677
4.67292
4.76087
4.76939
4.69854
4.54972
4.32561
4.03015
3.66844
3.24668
2.77205
2.25258
1.69704
1.11475
0.515485
0.0907515
0.693855
1.2838
1.85082
2.38553
2.87913
3.32352
3.71144
4.03658
4.2937
4.47871
4.58872
4.62209
4.57848
4.4588
4.26525
4.00125
3.67137
3.28126
2.83758
2.34784
1.82031
1.26386
0.687825
0.101839
0.484328
1.06092
1.61838
2.14748
2.63948
3.08631
3.48064
3.81604
4.0871
4.28946
4.41993
4.47653
4.4585
4.36632
4.20173
3.96765
3.66813
3.30834
2.8944
2.43334
1.93295
1.40166
0.848366
0.282344
0.286964
0.850076
1.39764
1.92059
2.41028
2.85864
3.25833
3.60281
3.88649
4.1048
4.25426
4.33256
4.33858
4.27238
4.13525
3.92964
3.65914
3.32841
2.9431
2.50975
2.03568
1.52889
0.997889
0.451562
0.100959
0.650468
1.18783
1.70413
2.19083
2.6399
3.04397
3.39641
3.69149
3.92443
4.0915
4.19009
4.21871
4.17706
4.06599
3.88751
3.64476
3.34192
2.98418
2.57762
2.12912
1.64623
1.13708
0.610202
0.0743959
0.461397
0.988262
1.49745
1.98054
2.42953
2.83706
3.19642
3.50175
3.74809
3.93149
4.04903
4.09891
4.08045
3.99412
3.84151
3.62532
3.34928
3.01812
2.63749
2.21383
1.75428
1.26657
0.758894
0.239733
0.282243
0.798342
1.29999
1.77887
2.22706
2.63718
3.00248
3.31699
3.57558
3.77408
3.90931
3.97918
3.98265
3.91983
3.7919
3.60113
3.35085
3.04534
2.68982
2.29031
1.85355
1.38691
0.898202
0.395617
0.112451
0.617534
1.11123
1.58536
2.03206
2.44396
2.81428
3.13694
3.40669
3.61915
3.7709
3.85955
3.88376
3.84327
3.73888
3.57248
3.34697
3.06622
2.73504
2.35903
1.94455
1.49859
1.02863
0.542553
0.0484735
0.445363
0.930737
1.39959
1.84415
2.25707
2.63154
2.96141
3.24129
3.46662
3.63376
3.74006
3.78387
3.76459
3.68268
3.53964
3.33796
3.08113
2.77353
2.42041
2.02771
1.60208
1.15065
0.680996
0.200976
0.281401
0.758099
1.22119
1.66301
2.07623
2.45403
2.7902
3.07923
3.31641
3.49788
3.62075
3.68308
3.68396
3.62351
3.50284
3.3241
3.09038
2.80567
2.47483
2.10344
1.69778
1.26466
0.81136
0.345458
0.125264
0.592958
1.04985
1.48834
1.90118
2.28154
2.62316
2.92042
3.16846
3.36325
3.50166
3.58149
3.60152
3.56154
3.46234
3.30568
3.09429
2.83179
2.52264
2.1721
1.78607
1.37106
0.934021
0.482284
0.023395
0.434992
0.885245
1.31988
1.7317
2.11389
2.46013
2.76474
3.02273
3.22988
3.38285
3.47919
3.51741
3.49698
3.41835
3.28295
3.09314
2.85218
2.56419
2.23403
1.86731
1.47018
1.04932
0.611787
0.164891
0.283907
0.727129
1.15741
1.5676
1.95091
2.30102
2.61214
2.87918
3.09778
3.26437
3.37628
3.43176
3.42998
3.37108
3.25615
3.0872
2.86715
2.59976
2.28956
1.94181
1.56235
1.15758
0.734269
0.299511
0.139437
0.575256
1.0007
1.40869
1.79247
2.1457
2.46255
2.73781
2.96696
3.14628
3.27287
3.34472
3.36073
3.32074
3.22551
3.07673
2.87697
2.62965
2.33897
2.00987
1.64787
1.25908
0.850012
0.427519
0.00133931
0.429409
0.849563
1.25482
1.63845
1.9941
2.31591
2.59858
2.83746
3.02865
3.16905
3.25642
3.28939
3.26751
3.19124
3.06195
2.88188
2.65412
2.38255
2.07176
1.72701
1.3541
0.959272
0.549157
0.130608
0.289389
0.703835
1.10584
1.48872
1.84614
2.17219
2.4615
2.70929
2.91153
3.06492
3.16698
3.21611
3.21158
3.15356
3.0431
2.88213
2.67343
2.42054
2.12776
1.80004
1.44288
1.06229
0.664649
0.25661
0.155013
0.563357
0.961625
1.3432
1.70176
2.03135
2.32656
2.5825
2.79499
2.96056
3.07653
3.14105
3.15313
3.11265
3.02039
2.87795
2.68781
2.4532
2.17811
1.86718
1.52566
1.15929
0.774202
0.376856
0.0261134
0.427984
0.822062
1.2018
1.56088
1.89337
2.19377
2.45712
2.67911
2.85609
2.9852
3.06435
3.09232
3.06872
2.99402
2.86956
2.69749
2.48075
2.22302
1.92867
1.60266
1.25047
0.878013
0.491523
0.0974642
0.297586
0.687043
1.06443
1.42347
1.75822
2.06314
2.33319
2.56394
2.75159
2.89309
2.98616
3.02932
3.02193
2.9642
2.85716
2.70268
2.50341
2.26273
1.98473
1.67409
1.33604
0.976261
0.600774
0.215865
0.17204
0.556471
0.931028
1.28949
1.62589
1.93468
2.21075
2.44955
2.64716
2.80034
2.90662
2.96429
2.97247
2.93111
2.84095
2.7036
2.52139
2.29745
2.03556
1.74015
1.41619
1.06912
0.704765
0.329223
0.0512336
0.430256
0.80153
1.15888
1.49637
1.80842
2.08984
2.33601
2.54288
2.70705
2.82585
2.89738
2.92051
2.89492
2.82113
2.70043
2.53489
2.32736
2.08135
1.80101
1.49107
1.15675
0.803641
0.437665
0.0649389
0.308316
0.675877
1.03163
1.36965
1.68435
1.97051
2.2234
2.43885
2.61334
2.744
2.82874
2.8662
2.85583
2.79787
2.69336
2.54411
2.35266
2.12228
1.85686
1.56088
1.2393
0.897541
0.541312
0.176577
0.190572
0.554013
0.907692
1.24573
1.56251
1.85279
2.11176
2.33516
2.51931
2.66119
2.75851
2.80971
2.81399
2.77136
2.68258
2.54921
2.37354
2.15855
1.90788
1.62576
1.31693
0.986595
0.640277
0.283775
0.0769529
0.435888
0.787049
1.12459
1.44291
1.73673
2.00118
2.23189
2.42507
2.57755
2.68684
2.75118
2.76957
2.74175
2.66826
2.55039
2.39016
2.19031
1.95421
1.68586
1.38978
1.07093
0.734668
0.386622
0.0326111
0.321455
0.669673
1.00625
1.32558
1.62237
1.89171
2.12913
2.33073
2.49319
2.61385
2.69077
2.72272
2.70923
2.65058
2.54781
2.40271
2.21773
1.99603
1.74134
1.45797
1.15066
0.824589
0.485204
0.138186
0.210669
0.555542
0.890688
1.21053
1.50976
1.78341
2.02696
2.23638
2.40823
2.53969
2.62862
2.6736
2.67394
2.62969
2.54164
2.41133
2.24098
2.03348
1.79235
1.52164
1.22592
0.910142
0.579603
0.239834
0.103488
0.444633
0.777916
1.09779
1.39893
1.67636
1.92546
2.14212
2.32278
2.46447
2.56487
2.62236
2.63605
2.60575
2.53204
2.41619
2.2602
2.06671
1.839
1.58092
1.2968
0.991422
0.669899
0.337617
0.000130499
0.336925
0.66793
0.987371
1.28994
1.5706
1.82471
2.04806
2.23697
2.38832
2.49965
2.56915
2.5957
2.57893
2.51916
2.41745
2.27555
2.09587
1.88145
1.63593
1.36343
1.06852
0.75617
0.431595
0.100227
0.232398
0.56073
0.879299
1.1828
1.4662
1.72478
1.95427
2.15088
2.31137
2.4331
2.51409
2.55304
2.54936
2.50315
2.41525
2.28717
2.12109
1.91983
1.68679
1.4259
1.14154
0.838491
0.521824
0.19684
0.131031
0.456315
0.77359
1.07757
1.36321
1.62575
1.86086
2.06463
2.23372
2.36533
2.45733
2.50822
2.5172
2.48417
2.40974
2.2952
2.1425
1.95425
1.73361
1.48432
1.21056
0.916937
0.608364
0.29001
0.0328025
0.354683
0.670261
0.974281
1.26168
1.5277
1.7679
1.97833
2.15549
2.29649
2.399
2.46136
2.48258
2.46235
2.40107
2.29979
2.16026
1.98485
1.77652
1.5388
1.27568
0.991581
0.69127
0.379776
0.0623075
0.25583
0.569329
0.872963
1.16168
1.43067
1.67548
1.89205
2.0768
2.22668
2.33923
2.41261
2.44565
2.43784
2.38936
2.30107
2.17447
2.01174
1.81562
1.58943
1.33698
1.0625
0.7706
0.466177
0.154321
0.159755
0.470808
0.77365
1.06324
1.33475
1.58369
1.80591
1.99774
2.15602
2.27814
2.3621
2.40654
2.41077
2.37477
2.29917
2.18528
2.03505
1.85103
1.63632
1.39454
1.12975
0.846408
0.549253
0.243261
0.066451
0.37471
0.676372
0.966412
1.24
1.49259
1.71999
1.91843
2.08463
2.21585
2.30995
2.36538
2.38128
2.35741
2.29422
2.19281
2.0549
1.88285
1.67956
1.44845
1.19342
0.918753
0.629044
0.32915
0.0240879
0.281045
0.581157
0.871242
1.14647
1.40227
1.63438
1.83895
2.01261
2.15249
2.25629
2.32231
2.34949
2.33743
2.28635
2.19717
2.0714
1.91119
1.71925
1.49881
1.25358
0.98769
0.705592
