0
-0.756802
0.989358
-0.536573
-0.287903
0.912945
-0.905578
0.270906
0.551427
-0.991779
0.745113
0.0177019
-0.768255
0.986628
-0.521551
-0.304811
0.920026
-0.897928
0.253823
0.566108
-0.993889
0.73319
0.0353983
-0.779466
0.983588
-0.506366
-0.321622
0.926819
-0.889996
0.236661
0.580611
-0.995687
0.721038
0.0530836
-0.790433
0.98024
-0.491022
-0.338333
0.933321
-0.881785
0.219425
0.594933
-0.997173
0.708659
0.0707522
-0.801153
0.976584
-0.475524
-0.354938
0.93953
-0.873297
0.20212
0.609068
-0.998347
0.696058
0.0883987
-0.811621
0.972623
-0.459877
-0.371432
0.945445
-0.864536
0.184752
0.623012
-0.999208
0.68324
0.106017
-0.821835
0.968357
-0.444086
-0.387809
0.951064
-0.855504
0.167326
0.636761
-0.999756
0.670207
0.123603
-0.831791
0.963787
-0.428155
-0.404065
0.956385
-0.846204
0.149847
0.650311
-0.99999
0.656964
0.14115
-0.841487
0.958916
-0.412091
-0.420194
0.961406
-0.836639
0.132322
0.663656
-0.999911
0.643515
0.158652
-0.850919
0.953744
-0.395897
-0.436192
0.966126
-0.826812
0.114755
0.676794
-0.999519
0.629865
0.176105
-0.860085
0.948273
-0.37958
-0.452053
0.970543
-0.816725
0.0971519
0.68972
-0.998814
0.616017
0.193503
-0.868981
0.942504
-0.363143
-0.467772
0.974655
-0.806383
0.0795185
0.702429
-0.997795
0.601976
0.21084
-0.877604
0.936441
-0.346593
-0.483344
0.978463
-0.795788
0.0618602
0.714919
-0.996464
0.587746
0.228111
-0.885953
0.930084
-0.329934
-0.498765
0.981964
-0.784943
0.0441824
0.727184
-0.994821
0.573332
0.24531
-0.894024
0.923435
-0.313172
-0.51403
0.985157
-0.773852
0.0264909
0.739221
-0.992865
0.558739
0.262433
-0.901814
0.916497
-0.296311
-0.529134
0.988041
-0.762519
0.00879102
0.751027
-0.990599
0.543971
0.279473
-0.909323
0.909272
-0.279358
-0.544072
0.990616
-0.750947
-0.0089116
0.762597
-0.988022
0.529032
0.296426
-0.916546
0.901762
-0.262317
-0.558839
0.99288
-0.73914
-0.0266114
0.773929
-0.985136
0.513927
0.313286
-0.923482
0.89397
-0.245194
-0.573431
0.994833
-0.727101
-0.0443029
0.785018
-0.981941
0.498661
0.330048
-0.930128
0.885897
-0.227994
-0.587844
0.996474
-0.714834
-0.0619805
0.795861
-0.978438
0.483239
0.346706
-0.936483
0.877546
-0.210722
-0.602072
0.997803
-0.702343
-0.0796387
0.806454
-0.974628
0.467665
0.363256
-0.942545
0.868921
-0.193385
-0.616112
0.99882
-0.689632
-0.0972719
0.816795
-0.970513
0.451945
0.379691
-0.948311
0.860023
-0.175987
-0.629958
0.999523
-0.676705
-0.114875
0.82688
-0.966094
0.436083
0.396008
-0.95378
0.850856
-0.158533
-0.643607
0.999913
-0.663566
-0.132441
0.836705
-0.961373
0.420085
0.412201
-0.95895
0.841422
-0.14103
-0.657055
0.99999
-0.650219
-0.149967
0.846269
-0.95635
0.403955
0.428264
-0.963819
0.831725
-0.123483
-0.670296
0.999753
-0.636668
-0.167445
0.855567
-0.951027
0.387698
0.444194
-0.968387
0.821766
-0.105898
-0.683328
0.999203
-0.622918
-0.184871
0.864597
-0.945406
0.37132
0.459984
-0.972651
0.811551
-0.0882786
-0.696145
0.99834
-0.608972
-0.202238
0.873356
-0.939489
0.354826
0.47563
-0.97661
0.80108
-0.070632
-0.708744
0.997164
-0.594836
-0.219543
0.881841
-0.933277
0.33822
0.491127
-0.980264
0.790359
-0.0529632
-0.721121
0.995676
-0.580513
-0.236779
0.890051
-0.926773
0.321508
0.50647
-0.983609
0.779391
-0.0352778
-0.733272
0.993875
-0.566008
-0.25394
0.897981
-0.919979
0.304696
0.521654
-0.986647
0.768177
-0.0175814
-0.745194
0.991763
-0.551326
-0.271022
0.90563
-0.912896
0.287788
0.536675
-0.989376
0.756724
0.000120577
-0.756881
0.989341
-0.536471
-0.288019
0.912994
-0.905527
0.27079
0.551527
-0.991794
0.745033
0.0178225
-0.768332
0.986608
-0.521448
-0.304925
0.920073
-0.897875
0.253707
0.566207
-0.993902
0.733108
0.0355188
-0.779542
0.983566
-0.506262
-0.321737
0.926864
-0.889941
0.236544
0.580709
-0.995698
0.720954
0.053204
-0.790507
0.980216
-0.490917
-0.338447
0.933364
-0.881728
0.219308
0.59503
-0.997182
0.708574
0.0708725
-0.801225
0.976558
-0.475418
-0.355051
0.939571
-0.873239
0.202002
0.609164
-0.998354
0.695972
0.0885188
-0.811691
0.972595
-0.45977
-0.371544
0.945484
-0.864476
0.184634
0.623107
-0.999213
0.683152
0.106137
-0.821904
0.968327
-0.443978
-0.387921
0.951101
-0.855442
0.167207
0.636854
-0.999758
0.670117
0.123723
-0.831858
0.963755
-0.428046
-0.404176
0.95642
-0.84614
0.149728
0.650402
-0.999991
0.656873
0.141269
-0.841552
0.958882
-0.411981
-0.420304
0.961439
-0.836573
0.132202
0.663747
-0.99991
0.643423
0.158771
-0.850983
0.953707
-0.395787
-0.4363
0.966157
-0.826744
0.114635
0.676883
-0.999515
0.629771
0.176224
-0.860146
0.948234
-0.379468
-0.45216
0.970572
-0.816656
0.0970319
0.689807
-0.998808
0.615922
0.193621
-0.86904
0.942464
-0.363031
-0.467878
0.974682
-0.806311
0.0793983
0.702515
-0.997787
0.60188
0.210958
-0.877662
0.936399
-0.34648
-0.48345
0.978488
-0.795715
0.0617398
0.715003
-0.996454
0.587649
0.228228
-0.886009
0.93004
-0.32982
-0.49887
0.981986
-0.784868
0.044062
0.727267
-0.994808
0.573234
0.245427
-0.894078
0.923389
-0.313057
-0.514134
0.985177
-0.773776
0.0263704
0.739302
-0.992851
0.558639
0.262549
-0.901866
0.916449
-0.296196
-0.529236
0.98806
-0.762441
0.00867045
0.751107
-0.990583
0.543869
0.279589
-0.909373
0.909222
-0.279242
-0.544173
0.990632
-0.750868
-0.00903217
0.762675
-0.988004
0.528929
0.296541
-0.916594
0.90171
-0.2622
-0.558939
0.992894
-0.739059
-0.026732
0.774005
-0.985115
0.513823
0.313401
-0.923528
0.893916
-0.245077
-0.57353
0.994845
-0.727018
-0.0444234
0.785092
-0.981918
0.498556
0.330162
-0.930172
0.885841
-0.227876
-0.587941
0.996484
-0.71475
-0.0621009
0.795934
-0.978413
0.483133
0.346819
-0.936525
0.877489
-0.210604
-0.602168
0.997811
-0.702258
-0.0797589
0.806525
-0.974601
0.467559
0.363368
-0.942585
0.868861
-0.193266
-0.616207
0.998825
-0.689545
-0.0973919
0.816864
-0.970484
0.451838
0.379803
-0.948349
0.859962
-0.175868
-0.630052
0.999527
-0.676617
-0.114994
0.826947
-0.966063
0.435975
0.396119
-0.953816
0.850793
-0.158414
-0.6437
0.999915
-0.663476
-0.132561
0.836771
-0.961339
0.419976
0.412311
-0.958984
0.841357
-0.140911
-0.657146
0.999989
-0.650128
-0.150086
0.846333
-0.956314
0.403845
0.428373
-0.963852
0.831658
-0.123364
-0.670386
0.99975
-0.636575
-0.167564
0.855629
-0.950989
0.387587
0.444302
-0.968417
0.821698
-0.105778
-0.683416
0.999198
-0.622824
-0.184989
0.864657
-0.945367
0.371208
0.460091
-0.972679
0.81148
-0.0881585
-0.696232
0.998333
-0.608877
-0.202357
0.873415
-0.939447
0.354713
0.475736
-0.976636
0.801008
-0.0705117
-0.708829
0.997155
-0.594739
-0.219661
0.881898
-0.933234
0.338106
0.491232
-0.980287
0.790285
-0.0528428
-0.721205
0.995665
-0.580415
-0.236896
0.890106
-0.926728
0.321394
0.506574
-0.983631
0.779315
-0.0351573
-0.733354
0.993862
-0.565909
-0.254057
0.898034
-0.919932
0.304581
0.521757
-0.986667
0.7681
-0.0174608
-0.745274
0.991748
-0.551225
-0.271138
0.905681
-0.912847
0.287672
0.536776
-0.989393
0.756645
0.000241155
-0.75696
0.989323
-0.536369
-0.288134
0.913044
-0.905476
0.270674
0.551628
-0.99181
0.744952
0.017943
-0.768409
0.986588
-0.521345
-0.30504
0.920121
-0.897822
0.25359
0.566306
-0.993915
0.733026
0.0356393
-0.779617
0.983544
-0.506158
-0.321851
0.926909
-0.889886
0.236427
0.580808
-0.995709
0.720871
0.0533244
-0.790581
0.980192
-0.490811
-0.33856
0.933407
-0.881671
0.21919
0.595127
-0.997191
0.708489
0.0709928
-0.801297
0.976532
-0.475312
-0.355164
0.939613
-0.87318
0.201884
0.609259
-0.998361
0.695885
0.0886389
-0.811762
0.972567
-0.459663
-0.371656
0.945524
-0.864415
0.184515
0.623201
-0.999218
0.683064
0.106257
-0.821972
0.968297
-0.44387
-0.388032
0.951138
-0.855379
0.167088
0.636947
-0.999761
0.670028
0.123842
-0.831925
0.963723
-0.427937
-0.404286
0.956455
-0.846076
0.149609
0.650494
-0.999991
0.656782
0.141389
-0.841618
0.958847
-0.411871
-0.420413
0.961472
-0.836507
0.132083
0.663837
-0.999908
0.64333
0.158891
-0.851046
0.953671
-0.395676
-0.436409
0.966188
-0.826676
0.114515
0.676972
-0.999512
0.629677
0.176343
-0.860208
0.948196
-0.379357
-0.452268
0.970601
-0.816586
0.0969119
0.689894
-0.998802
0.615827
0.19374
-0.8691
0.942424
-0.362919
-0.467985
0.974709
-0.80624
0.0792781
0.702601
-0.997779
0.601783
0.211076
-0.87772
0.936356
-0.346367
-0.483555
0.978513
-0.795642
0.0616195
0.715087
-0.996444
0.587551
0.228346
-0.886065
0.929995
-0.329706
-0.498974
0.982009
-0.784794
0.0439415
0.727349
-0.994796
0.573135
0.245544
-0.894132
0.923343
-0.312942
-0.514237
0.985198
-0.7737
0.0262498
0.739384
-0.992837
0.558539
0.262666
-0.901919
0.916401
-0.296081
-0.529338
0.988078
-0.762363
0.00854988
0.751186
-0.990566
0.543768
0.279705
-0.909423
0.909172
-0.279126
-0.544274
0.990649
-0.750788
-0.00915274
0.762753
-0.987985
0.528827
0.296656
-0.916642
0.901658
-0.262084
-0.559039
0.992909
-0.738978
-0.0268525
0.774082
-0.985094
0.51372
0.313515
-0.923574
0.893862
-0.24496
-0.573629
0.994857
-0.726936
-0.0445438
0.785167
-0.981895
0.498452
0.330275
-0.930217
0.885785
-0.227759
-0.588039
0.996494
-0.714666
-0.0622212
0.796007
-0.978388
0.483028
0.346932
-0.936568
0.877431
-0.210486
-0.602265
0.997819
-0.702172
-0.0798791
0.806597
-0.974574
0.467452
0.36348
-0.942625
0.868802
-0.193148
-0.616302
0.998831
-0.689458
-0.0975119
0.816934
-0.970455
0.45173
0.379914
-0.948387
0.8599
-0.175749
-0.630145
0.99953
-0.676528
-0.115114
0.827015
-0.966032
0.435866
0.39623
-0.953852
0.850729
-0.158295
-0.643792
0.999916
-0.663386
-0.13268
0.836837
-0.961306
0.419866
0.412421
-0.959018
0.841292
-0.140792
-0.657237
0.999989
-0.650036
-0.150205
0.846397
-0.956279
0.403734
0.428482
-0.963884
0.831591
-0.123244
-0.670475
0.999748
-0.636482
-0.167683
0.855692
-0.950952
0.387476
0.44441
-0.968447
0.821629
-0.105658
-0.683504
0.999194
-0.622729
-0.185108
0.864718
-0.945327
0.371096
0.460198
-0.972707
0.81141
-0.0880384
-0.696318
0.998326
-0.608781
-0.202475
0.873473
-0.939406
0.3546
0.475842
-0.976662
0.800936
-0.0703914
-0.708914
0.997146
-0.594642
-0.219778
0.881955
-0.933191
0.337993
0.491337
-0.980311
0.790212
-0.0527224
-0.721288
0.995653
-0.580317
-0.237013
0.89016
-0.926683
0.32128
0.506678
-0.983653
0.779239
-0.0350368
-0.733436
0.993849
-0.565809
-0.254173
0.898087
-0.919884
0.304466
0.52186
-0.986686
0.768023
-0.0173402
-0.745354
0.991732
-0.551125
-0.271254
0.905732
-0.912798
0.287557
0.536878
-0.989411
0.756566
0.000361732
-0.757039
0.989306
-0.536268
-0.28825
0.913093
-0.905425
0.270558
0.551728
-0.991825
0.744872
0.0180636
-0.768486
0.986569
-0.521242
-0.305155
0.920168
-0.897768
0.253473
0.566406
-0.993929
0.732944
0.0357598
-0.779693
0.983522
-0.506054
-0.321965
0.926954
-0.889831
0.23631
0.580906
-0.99572
0.720787
0.0534448
-0.790655
0.980168
-0.490706
-0.338674
0.93345
-0.881614
0.219072
0.595223
-0.9972
0.708404
0.0711131
-0.801369
0.976506
-0.475205
-0.355277
0.939654
-0.873121
0.201766
0.609355
-0.998368
0.695799
0.088759
-0.811832
0.972539
-0.459555
-0.371768
0.945563
-0.864354
0.184397
0.623295
-0.999222
0.682976
0.106377
-0.822041
0.968267
-0.443762
-0.388143
0.951176
-0.855317
0.166969
0.63704
-0.999764
0.669938
0.123962
-0.831992
0.963691
-0.427829
-0.404396
0.95649
-0.846012
0.14949
0.650585
-0.999992
0.656691
0.141508
-0.841683
0.958813
-0.411761
-0.420523
0.961505
-0.836441
0.131963
0.663927
-0.999907
0.643238
0.15901
-0.851109
0.953635
-0.395565
-0.436517
0.966219
-0.826608
0.114396
0.67706
-0.999508
0.629584
0.176461
-0.860269
0.948158
-0.379245
-0.452375
0.97063
-0.816516
0.0967919
0.689982
-0.998796
0.615732
0.193858
-0.86916
0.942383
-0.362806
-0.468091
0.974736
-0.806169
0.0791579
0.702687
-0.997771
0.601687
0.211194
-0.877778
0.936314
-0.346254
-0.483661
0.978537
-0.795568
0.0614991
0.715171
-0.996434
0.587454
0.228463
-0.88612
0.929951
-0.329592
-0.499079
0.982032
-0.784719
0.0438211
0.727432
-0.994784
0.573036
0.245661
-0.894186
0.923296
-0.312828
-0.51434
0.985219
-0.773623
0.0261293
0.739465
-0.992822
0.558439
0.262782
-0.901971
0.916353
-0.295965
-0.529441
0.988097
-0.762285
0.0084293
0.751266
-0.99055
0.543667
0.279821
-0.909473
0.909122
-0.27901
-0.544375
0.990665
-0.750709
-0.00927331
0.762831
-0.987966
0.528725
0.296772
-0.91669
0.901606
-0.261968
-0.559139
0.992923
-0.738896
-0.026973
0.774158
-0.985074
0.513616
0.31363
-0.92362
0.893807
-0.244843
-0.573728
0.99487
-0.726853
-0.0446643
0.785242
-0.981872
0.498347
0.330389
-0.930261
0.885729
-0.227641
-0.588136
0.996505
-0.714581
-0.0623415
0.79608
-0.978363
0.482922
0.347045
-0.93661
0.877373
-0.210369
-0.602361
0.997827
-0.702086
-0.0799993
0.806668
-0.974547
0.467345
0.363593
-0.942665
0.868742
-0.19303
-0.616397
0.998837
-0.68937
-0.0976319
0.817003
-0.970426
0.451622
0.380026
-0.948426
0.859839
-0.175631
-0.630239
0.999534
-0.676439
-0.115234
0.827083
-0.966001
0.435758
0.39634
-0.953888
0.850666
-0.158176
-0.643884
0.999918
-0.663296
-0.1328
0.836903
-0.961273
0.419757
0.41253
-0.959052
0.841227
-0.140672
-0.657327
0.999988
-0.649944
-0.150324
0.846461
-0.956244
0.403624
0.428591
-0.963916
0.831524
-0.123124
-0.670565
0.999745
-0.636389
-0.167801
0.855754
-0.950915
0.387365
0.444518
-0.968477
0.82156
-0.105538
-0.683592
0.999189
-0.622635
-0.185226
0.864779
-0.945288
0.370984
0.460305
-0.972735
0.811339
-0.0879183
-0.696405
0.998319
-0.608685
-0.202593
0.873532
-0.939365
0.354487
0.475948
-0.976688
0.800864
-0.0702711
-0.708999
0.997137
-0.594545
-0.219896
0.882012
-0.933147
0.337879
0.491442
-0.980335
0.790138
-0.052602
-0.721372
0.995642
-0.580218
-0.23713
0.890215
-0.926637
0.321166
0.506781
-0.983675
0.779164
-0.0349163
-0.733518
0.993835
-0.56571
-0.25429
0.89814
-0.919837
0.304351
0.521962
-0.986706
0.767946
-0.0172197
-0.745435
0.991717
-0.551024
-0.27137
0.905783
-0.912748
0.287441
0.53698
-0.989428
0.756487
0.00048231
-0.757118
0.989288
-0.536166
-0.288365
0.913142
-0.905374
0.270441
0.551829
-0.99184
0.744791
0.0181842
-0.768563
0.986549
-0.521139
-0.30527
0.920215
-0.897715
0.253357
0.566505
-0.993942
0.732862
0.0358803
-0.779768
0.983501
-0.50595
-0.322079
0.927
-0.889776
0.236193
0.581004
-0.995732
0.720703
0.0535652
-0.790729
0.980144
-0.490601
-0.338787
0.933494
-0.881557
0.218955
0.59532
-0.997209
0.708319
0.0712333
-0.801441
0.976481
-0.475099
-0.355389
0.939695
-0.873062
0.201648
0.60945
-0.998375
0.695712
0.0888791
-0.811903
0.972511
-0.459448
-0.37188
0.945602
-0.864294
0.184278
0.623389
-0.999227
0.682887
0.106497
-0.82211
0.968236
-0.443653
-0.388254
0.951213
-0.855255
0.16685
0.637133
-0.999766
0.669849
0.124082
-0.832059
0.963659
-0.42772
-0.404506
0.956526
-0.845947
0.149371
0.650677
-0.999992
0.6566
0.141627
-0.841748
0.958779
-0.411652
-0.420632
0.961538
-0.836375
0.131844
0.664017
-0.999905
0.643146
0.159129
-0.851173
0.953598
-0.395455
-0.436626
0.96625
-0.82654
0.114276
0.677149
-0.999504
0.62949
0.17658
-0.860331
0.948119
-0.379134
-0.452483
0.970659
-0.816447
0.0966719
0.690069
-0.99879
0.615637
0.193976
-0.869219
0.942343
-0.362694
-0.468198
0.974763
-0.806097
0.0790377
0.702772
-0.997763
0.601591
0.211311
-0.877835
0.936272
-0.34614
-0.483767
0.978562
-0.795495
0.0613788
0.715256
-0.996423
0.587356
0.228581
-0.886176
0.929907
-0.329479
-0.499183
0.982055
-0.784644
0.0437006
0.727515
-0.994772
0.572937
0.245778
-0.89424
0.92325
-0.312713
-0.514444
0.985239
-0.773547
0.0260087
0.739546
-0.992808
0.558339
0.262898
-0.902023
0.916304
-0.29585
-0.529543
0.988115
-0.762207
0.00830873
0.751345
-0.990533
0.543566
0.279936
-0.909523
0.909071
-0.278894
-0.544476
0.990681
-0.750629
-0.00939389
0.762909
-0.987948
0.528622
0.296887
-0.916738
0.901554
-0.261851
-0.559239
0.992937
-0.738815
-0.0270936
0.774234
-0.985053
0.513513
0.313744
-0.923667
0.893753
-0.244726
-0.573826
0.994882
-0.72677
-0.0447847
0.785316
-0.981849
0.498243
0.330503
-0.930305
0.885673
-0.227524
-0.588234
0.996515
-0.714497
-0.0624619
0.796153
-0.978338
0.482816
0.347158
-0.936652
0.877315
-0.210251
-0.602457
0.997835
-0.702
-0.0801195
0.806739
-0.97452
0.467239
0.363705
-0.942706
0.868682
-0.192911
-0.616492
0.998843
-0.689283
-0.0977519
0.817073
-0.970397
0.451515
0.380138
-0.948464
0.859777
-0.175512
-0.630333
0.999538
-0.67635
-0.115354
0.827151
-0.96597
0.435649
0.396451
-0.953925
0.850603
-0.158057
-0.643976
0.999919
-0.663205
-0.132919
0.836969
-0.96124
0.419647
0.41264
-0.959087
0.841161
-0.140553
-0.657418
0.999988
-0.649853
-0.150443
0.846525
-0.956208
0.403514
0.4287
-0.963948
0.831457
-0.123005
-0.670654
0.999742
-0.636296
-0.16792
0.855816
-0.950878
0.387254
0.444626
-0.968507
0.821491
-0.105418
-0.68368
0.999184
-0.622541
-0.185345
0.864839
-0.945249
0.370872
0.460412
-0.972763
0.811269
-0.0877982
-0.696491
0.998312
-0.60859
-0.202711
0.873591
-0.939323
0.354375
0.476054
-0.976714
0.800792
-0.0701508
-0.709084
0.997128
-0.594448
-0.220013
0.882069
-0.933104
0.337766
0.491547
-0.980359
0.790064
-0.0524815
-0.721455
0.995631
-0.58012
-0.237247
0.89027
-0.926592
0.321051
0.506885
-0.983696
0.779088
-0.0347958
-0.7336
0.993822
-0.565611
-0.254406
0.898193
-0.91979
0.304236
0.522065
-0.986726
0.767869
-0.0170991
-0.745515
0.991702
-0.550924
-0.271486
0.905834
-0.912699
0.287326
0.537082
-0.989446
0.756408
0.000602887
-0.757196
0.98927
-0.536064
-0.288481
0.913191
-0.905322
0.270325
0.55193
-0.991856
0.744711
0.0183047
-0.76864
0.986529
-0.521037
-0.305385
0.920262
-0.897662
0.25324
0.566605
-0.993955
0.73278
0.0360008
-0.779844
0.983479
-0.505846
-0.322193
0.927045
-0.889721
0.236076
0.581102
-0.995743
0.72062
0.0536856
-0.790802
0.98012
-0.490496
-0.338901
0.933537
-0.8815
0.218837
0.595417
-0.997218
0.708234
0.0713536
-0.801513
0.976455
-0.474993
-0.355502
0.939736
-0.873003
0.20153
0.609546
-0.998382
0.695625
0.0889992
-0.811973
0.972483
-0.459341
-0.371992
0.945641
-0.864233
0.18416
0.623484
-0.999232
0.682799
0.106617
-0.822178
0.968206
-0.443545
-0.388365
0.95125
-0.855192
0.166732
0.637226
-0.999769
0.669759
0.124201
-0.832126
0.963626
-0.427611
-0.404617
0.956561
-0.845883
0.149251
0.650769
-0.999993
0.656509
0.141747
-0.841813
0.958745
-0.411542
-0.420741
0.961571
-0.836309
0.131724
0.664107
-0.999903
0.643053
0.159248
-0.851236
0.953562
-0.395344
-0.436734
0.966281
-0.826472
0.114156
0.677238
-0.9995
0.629396
0.176699
-0.860392
0.948081
-0.379022
-0.45259
0.970688
-0.816377
0.0965519
0.690156
-0.998784
0.615542
0.194094
-0.869279
0.942303
-0.362581
-0.468305
0.97479
-0.806026
0.0789175
0.702858
-0.997755
0.601494
0.211429
-0.877893
0.936229
-0.346027
-0.483872
0.978587
-0.795422
0.0612584
0.71534
-0.996413
0.587258
0.228698
-0.886232
0.929862
-0.329365
-0.499288
0.982077
-0.784569
0.0435801
0.727598
-0.994759
0.572838
0.245895
-0.894294
0.923204
-0.312599
-0.514547
0.98526
-0.773471
0.0258882
0.739627
-0.992793
0.558239
0.263015
-0.902075
0.916256
-0.295735
-0.529645
0.988134
-0.762129
0.00818816
0.751425
-0.990516
0.543465
0.280052
-0.909573
0.909021
-0.278779
-0.544577
0.990698
-0.750549
-0.00951446
0.762987
-0.987929
0.52852
0.297002
-0.916787
0.901502
-0.261735
-0.559339
0.992951
-0.738734
-0.0272141
0.774311
-0.985032
0.513409
0.313859
-0.923713
0.893699
-0.244609
-0.573925
0.994894
-0.726687
-0.0449052
0.785391
-0.981827
0.498138
0.330617
-0.930349
0.885617
-0.227407
-0.588331
0.996525
-0.714413
-0.0625822
0.796225
-0.978313
0.482711
0.347271
-0.936694
0.877257
-0.210133
-0.602553
0.997843
-0.701914
-0.0802396
0.80681
-0.974493
0.467132
0.363817
-0.942746
0.868622
-0.192793
-0.616586
0.998849
-0.689196
-0.0978719
0.817142
-0.970368
0.451407
0.380249
-0.948502
0.859715
-0.175393
-0.630426
0.999541
-0.676261
-0.115474
0.827218
-0.965939
0.435541
0.396562
-0.953961
0.850539
-0.157938
-0.644069
0.999921
-0.663115
-0.133039
0.837035
-0.961206
0.419538
0.41275
-0.959121
0.841096
-0.140434
-0.657509
0.999987
-0.649761
-0.150563
0.84659
-0.956173
0.403403
0.428809
-0.96398
0.83139
-0.122885
-0.670744
0.99974
-0.636203
-0.168039
0.855879
-0.95084
0.387142
0.444734
-0.968537
0.821423
-0.105298
-0.683768
0.999179
-0.622446
-0.185463
0.8649
-0.945209
0.37076
0.460519
-0.972791
0.811198
-0.0876781
-0.696578
0.998305
-0.608494
-0.202829
0.87365
-0.939282
0.354262
0.47616
-0.97674
0.800719
-0.0700306
-0.709169
0.997119
-0.594351
-0.220131
0.882126
-0.933061
0.337653
0.491652
-0.980383
0.78999
-0.0523611
-0.721539
0.99562
-0.580022
-0.237364
0.890325
-0.926547
0.320937
0.506989
-0.983718
0.779013
-0.0346753
-0.733682
0.993809
-0.565511
-0.254523
0.898246
-0.919742
0.304122
0.522168
-0.986745
0.767791
-0.0169786
-0.745595
0.991686
-0.550823
-0.271602
0.905885
-0.91265
0.28721
0.537183
-0.989463
0.756329
0.000723464
-0.757275
0.989253
-0.535962
-0.288596
0.91324
-0.905271
0.270209
0.55203
-0.991871
0.74463
0.0184253
-0.768718
0.986509
-0.520934
-0.3055
0.920309
-0.897609
0.253124
0.566704
-0.993968
0.732698
0.0361213
-0.779919
0.983457
-0.505742
-0.322307
0.92709
-0.889665
0.235958
0.5812
-0.995754
0.720536
0.053806
-0.790876
0.980096
-0.490391
-0.339014
0.93358
-0.881443
0.218719
0.595514
-0.997227
0.708149
0.0714739
-0.801585
0.976428
-0.474887
-0.355615
0.939778
-0.872945
0.201412
0.609642
-0.998388
0.695539
0.0891193
-0.812043
0.972455
-0.459234
-0.372104
0.945681
-0.864172
0.184041
0.623578
-0.999237
0.682711
0.106737
-0.822247
0.968176
-0.443437
-0.388476
0.951287
-0.85513
0.166613
0.637319
-0.999772
0.66967
0.124321
-0.832193
0.963594
-0.427502
-0.404727
0.956596
-0.845819
0.149132
0.65086
-0.999993
0.656418
0.141866
-0.841878
0.95871
-0.411432
-0.420851
0.961605
-0.836243
0.131605
0.664197
-0.999902
0.642961
0.159367
-0.851299
0.953526
-0.395233
-0.436843
0.966312
-0.826405
0.114036
0.677327
-0.999497
0.629302
0.176817
-0.860454
0.948043
-0.37891
-0.452698
0.970717
-0.816308
0.0964318
0.690243
-0.998778
0.615447
0.194213
-0.869338
0.942262
-0.362469
-0.468411
0.974817
-0.805955
0.0787973
0.702944
-0.997747
0.601398
0.211547
-0.877951
0.936187
-0.345914
-0.483978
0.978612
-0.795349
0.0611381
0.715424
-0.996403
0.587161
0.228815
-0.886288
0.929818
-0.329251
-0.499392
0.9821
-0.784495
0.0434597
0.72768
-0.994747
0.57274
0.246012
-0.894348
0.923157
-0.312484
-0.514651
0.985281
-0.773394
0.0257677
0.739708
-0.992779
0.558139
0.263131
-0.902127
0.916208
-0.29562
-0.529748
0.988152
-0.762051
0.00806758
0.751505
-0.9905
0.543363
0.280168
-0.909623
0.908971
-0.278663
-0.544679
0.990714
-0.750469
-0.00963503
0.763065
-0.98791
0.528417
0.297117
-0.916835
0.901449
-0.261618
-0.559439
0.992966
-0.738653
-0.0273346
0.774387
-0.985011
0.513306
0.313973
-0.923759
0.893645
-0.244492
-0.574024
0.994906
-0.726604
-0.0450257
0.785466
-0.981804
0.498034
0.330731
-0.930394
0.885561
-0.227289
-0.588429
0.996535
-0.714328
-0.0627026
0.796298
-0.978288
0.482605
0.347385
-0.936737
0.877199
-0.210015
-0.60265
0.997851
-0.701828
-0.0803598
0.806882
-0.974466
0.467026
0.36393
-0.942786
0.868563
-0.192675
-0.616681
0.998855
-0.689108
-0.0979919
0.817212
-0.970339
0.4513
0.380361
-0.94854
0.859654
-0.175274
-0.63052
0.999545
-0.676173
-0.115593
0.827286
-0.965907
0.435432
0.396672
-0.953997
0.850476
-0.157819
-0.644161
0.999922
-0.663025
-0.133158
0.837101
-0.961173
0.419428
0.41286
-0.959155
0.841031
-0.140314
-0.6576
0.999986
-0.649669
-0.150682
0.846654
-0.956138
0.403293
0.428918
-0.964012
0.831323
-0.122765
-0.670833
0.999737
-0.63611
-0.168158
0.855941
-0.950803
0.387031
0.444842
-0.968567
0.821354
-0.105178
-0.683856
0.999174
-0.622352
-0.185582
0.86496
-0.94517
0.370648
0.460626
-0.972819
0.811128
-0.0875579
-0.696664
0.998298
-0.608398
-0.202947
0.873708
-0.939241
0.354149
0.476266
-0.976766
0.800647
-0.0699103
-0.709254
0.99711
-0.594254
-0.220249
0.882182
-0.933017
0.337539
0.491757
-0.980406
0.789916
-0.0522407
-0.721622
0.995608
-0.579924
-0.237481
0.89038
-0.926501
0.320823
0.507093
-0.98374
0.778937
-0.0345548
-0.733764
0.993795
-0.565412
-0.25464
0.898299
-0.919695
0.304007
0.522271
-0.986765
0.767714
-0.016858
-0.745676
0.99167
-0.550722
-0.271718
0.905936
-0.9126
0.287095
0.537285
-0.989481
0.756251
0.000844042
-0.757354
0.989235
-0.53586
-0.288712
0.913289
-0.90522
0.270093
0.552131
-0.991887
0.74455
0.0185458
-0.768795
0.98649
-0.520831
-0.305614
0.920356
-0.897556
0.253007
0.566803
-0.993981
0.732616
0.0362418
-0.779995
0.983435
-0.505638
-0.322421
0.927135
-0.88961
0.235841
0.581298
-0.995765
0.720453
0.0539264
-0.79095
0.980072
-0.490286
-0.339128
0.933623
-0.881386
0.218602
0.595611
-0.997236
0.708063
0.0715941
-0.801657
0.976402
-0.474781
-0.355727
0.939819
-0.872886
0.201294
0.609737
-0.998395
0.695452
0.0892394
-0.812114
0.972427
-0.459127
-0.372216
0.94572
-0.864112
0.183923
0.623672
-0.999241
0.682623
0.106857
-0.822316
0.968146
-0.443329
-0.388587
0.951324
-0.855067
0.166494
0.637412
-0.999774
0.66958
0.124441
-0.83226
0.963562
-0.427393
-0.404837
0.956631
-0.845754
0.149013
0.650952
-0.999994
0.656327
0.141985
-0.841943
0.958676
-0.411322
-0.42096
0.961638
-0.836177
0.131485
0.664288
-0.9999
0.642869
0.159486
-0.851362
0.95349
-0.395122
-0.436951
0.966343
-0.826337
0.113916
0.677415
-0.999493
0.629209
0.176936
-0.860515
0.948004
-0.378799
-0.452805
0.970746
-0.816238
0.0963118
0.690331
-0.998772
0.615352
0.194331
-0.869398
0.942222
-0.362357
-0.468518
0.974844
-0.805883
0.0786771
0.70303
-0.997739
0.601302
0.211665
-0.878009
0.936144
-0.345801
-0.484083
0.978637
-0.795276
0.0610177
0.715508
-0.996393
0.587063
0.228933
-0.886344
0.929773
-0.329137
-0.499497
0.982123
-0.78442
0.0433392
0.727763
-0.994735
0.572641
0.246129
-0.894402
0.923111
-0.31237
-0.514754
0.985301
-0.773318
0.0256471
0.739789
-0.992764
0.558039
0.263247
-0.902179
0.916159
-0.295505
-0.52985
0.988171
-0.761973
0.00794701
0.751584
-0.990483
0.543262
0.280284
-0.909673
0.908921
-0.278547
-0.54478
0.990731
-0.75039
-0.0097556
0.763143
-0.987892
0.528315
0.297232
-0.916883
0.901397
-0.261502
-0.559539
0.99298
-0.738571
-0.0274552
0.774463
-0.984991
0.513203
0.314087
-0.923805
0.893591
-0.244375
-0.574123
0.994918
-0.726521
-0.0451461
0.78554
-0.981781
0.497929
0.330844
-0.930438
0.885505
-0.227172
-0.588526
0.996545
-0.714244
-0.0628229
0.796371
-0.978263
0.4825
0.347498
-0.936779
0.877141
-0.209897
-0.602746
0.997859
-0.701742
-0.08048
0.806953
-0.974439
0.466919
0.364042
-0.942826
0.868503
-0.192556
-0.616776
0.99886
-0.689021
-0.0981119
0.817281
-0.97031
0.451192
0.380472
-0.948578
0.859592
-0.175156
-0.630614
0.999549
-0.676084
-0.115713
0.827354
-0.965876
0.435324
0.396783
-0.954033
0.850412
-0.1577
-0.644253
0.999924
-0.662935
-0.133278
0.837167
-0.96114
0.419319
0.41297
-0.959189
0.840966
-0.140195
-0.657691
0.999986
-0.649578
-0.150801
0.846718
-0.956103
0.403183
0.429027
-0.964044
0.831256
-0.122646
-0.670922
0.999734
-0.636017
-0.168277
0.856003
-0.950765
0.38692
0.44495
-0.968597
0.821285
-0.105058
-0.683944
0.999169
-0.622257
-0.1857
0.865021
-0.94513
0.370536
0.460733
-0.972847
0.811057
-0.0874378
-0.696751
0.998291
-0.608303
-0.203065
0.873767
-0.939199
0.354036
0.476372
-0.976791
0.800575
-0.06979
-0.709339
0.9971
-0.594157
-0.220366
0.882239
-0.932974
0.337426
0.491862
-0.98043
0.789842
-0.0521203
-0.721706
0.995597
-0.579826
-0.237598
0.890435
-0.926456
0.320709
0.507197
-0.983761
0.778861
-0.0344343
-0.733846
0.993782
-0.565312
-0.254756
0.898352
-0.919648
0.303892
0.522374
-0.986784
0.767637
-0.0167374
-0.745756
0.991655
-0.550622
-0.271834
0.905987
-0.912551
0.286979
0.537387
-0.989498
0.756172
0.000964619
-0.757433
0.989217
-0.535759
-0.288827
0.913338
-0.905169
0.269977
0.552231
-0.991902
0.744469
0.0186664
-0.768872
0.98647
-0.520728
-0.305729
0.920404
-0.897503
0.25289
0.566903
-0.993995
0.732534
0.0363623
-0.78007
0.983413
-0.505534
-0.322536
0.92718
-0.889555
0.235724
0.581396
-0.995776
0.720369
0.0540468
-0.791024
0.980048
-0.490181
-0.339241
0.933666
-0.881329
0.218484
0.595708
-0.997245
0.707978
0.0717144
-0.80173
0.976376
-0.474675
-0.35584
0.93986
-0.872827
0.201176
0.609833
-0.998402
0.695366
0.0893595
-0.812184
0.972398
-0.45902
-0.372328
0.945759
-0.864051
0.183804
0.623766
-0.999246
0.682535
0.106977
-0.822384
0.968116
-0.443221
-0.388698
0.951362
-0.855004
0.166375
0.637505
-0.999777
0.669491
0.12456
-0.832327
0.96353
-0.427283
-0.404947
0.956666
-0.84569
0.148894
0.651043
-0.999994
0.656236
0.142105
-0.842008
0.958642
-0.411212
-0.42107
0.961671
-0.83611
0.131366
0.664378
-0.999898
0.642776
0.159605
-0.851426
0.953453
-0.395011
-0.43706
0.966374
-0.826269
0.113797
0.677504
-0.999489
0.629115
0.177055
-0.860576
0.947966
-0.378687
-0.452913
0.970775
-0.816168
0.0961918
0.690418
-0.998766
0.615257
0.194449
-0.869458
0.942182
-0.362244
-0.468624
0.974871
-0.805812
0.0785569
0.703115
-0.997731
0.601205
0.211783
-0.878066
0.936102
-0.345688
-0.484189
0.978661
-0.795203
0.0608974
0.715593
-0.996383
0.586966
0.22905
-0.8864
0.929729
-0.329023
-0.499601
0.982145
-0.784345
0.0432188
0.727846
-0.994722
0.572542
0.246245
-0.894455
0.923065
-0.312255
-0.514857
0.985322
-0.773241
0.0255266
0.739871
-0.99275
0.557939
0.263364
-0.902231
0.916111
-0.29539
-0.529952
0.988189
-0.761895
0.00782644
0.751664
-0.990467
0.543161
0.280399
-0.909723
0.90887
-0.278431
-0.544881
0.990747
-0.75031
-0.00987617
0.763221
-0.987873
0.528213
0.297347
-0.916931
0.901345
-0.261386
-0.559639
0.992994
-0.73849
-0.0275757
0.774539
-0.98497
0.513099
0.314202
-0.923851
0.893537
-0.244258
-0.574221
0.99493
-0.726439
-0.0452666
0.785615
-0.981758
0.497825
0.330958
-0.930482
0.885449
-0.227054
-0.588624
0.996555
-0.714159
-0.0629432
0.796444
-0.978238
0.482394
0.347611
-0.936821
0.877083
-0.209779
-0.602842
0.997867
-0.701656
-0.0806002
0.807024
-0.974412
0.466812
0.364154
-0.942866
0.868443
-0.192438
-0.616871
0.998866
-0.688934
-0.0982319
0.817351
-0.970281
0.451084
0.380584
-0.948617
0.859531
-0.175037
-0.630707
0.999552
-0.675995
-0.115833
0.827422
-0.965845
0.435215
0.396894
-0.954069
0.850349
-0.157581
-0.644345
0.999925
-0.662844
-0.133397
0.837233
-0.961107
0.419209
0.41308
-0.959223
0.8409
-0.140075
-0.657782
0.999985
-0.649486
-0.15092
0.846782
-0.956067
0.403072
0.429136
-0.964076
0.831189
-0.122526
-0.671012
0.999731
-0.635924
-0.168396
0.856066
-0.950728
0.386809
0.445058
-0.968627
0.821216
-0.104938
-0.684032
0.999164
-0.622163
-0.185819
0.865081
-0.945091
0.370424
0.46084
-0.972875
0.810987
-0.0873177
-0.696837
0.998284
-0.608207
-0.203183
0.873825
-0.939158
0.353924
0.476478
-0.976817
0.800503
-0.0696697
-0.709424
0.997091
-0.59406
-0.220484
0.882296
-0.93293
0.337312
0.491967
-0.980454
0.789768
-0.0519999
-0.721789
0.995586
-0.579727
-0.237716
0.89049
-0.92641
0.320595
0.507301
-0.983783
0.778786
-0.0343138
-0.733928
0.993768
-0.565213
-0.254873
0.898405
-0.9196
0.303777
0.522477
-0.986804
0.76756
-0.0166169
-0.745836
0.991639
-0.550521
-0.27195
0.906038
-0.912502
0.286864
0.537488
-0.989516
0.756093
0.0010852
-0.757511
0.9892
-0.535657
-0.288942
0.913388
-0.905118
0.269861
0.552332
-0.991917
0.744389
0.0187869
-0.768949
0.98645
-0.520625
-0.305844
0.920451
-0.89745
0.252774
0.567002
-0.994008
0.732452
0.0364828
-0.780145
0.983391
-0.50543
-0.32265
0.927225
-0.8895
0.235607
0.581494
-0.995787
0.720285
0.0541672
-0.791097
0.980024
-0.490076
-0.339354
0.93371
-0.881272
0.218366
0.595805
-0.997254
0.707893
0.0718347
-0.801802
0.97635
-0.474569
-0.355953
0.939901
-0.872768
0.201057
0.609928
-0.998409
0.695279
0.0894796
-0.812254
0.97237
-0.458913
-0.372439
0.945798
-0.86399
0.183685
0.623861
-0.999251
0.682447
0.107097
-0.822453
0.968086
-0.443113
-0.388809
0.951399
-0.854942
0.166256
0.637598
-0.999779
0.669401
0.12468
-0.832393
0.963497
-0.427174
-0.405058
0.956701
-0.845626
0.148774
0.651135
-0.999995
0.656145
0.142224
-0.842073
0.958607
-0.411102
-0.421179
0.961704
-0.836044
0.131246
0.664468
-0.999896
0.642684
0.159724
-0.851489
0.953417
-0.394901
-0.437168
0.966405
-0.826201
0.113677
0.677593
-0.999485
0.629021
0.177173
-0.860638
0.947928
-0.378576
-0.45302
0.970803
-0.816099
0.0960718
0.690505
-0.99876
0.615162
0.194568
-0.869517
0.942141
-0.362132
-0.468731
0.974898
-0.805741
0.0784367
0.703201
-0.997723
0.601109
0.211901
-0.878124
0.93606
-0.345575
-0.484294
0.978686
-0.79513
0.060777
0.715677
-0.996372
0.586868
0.229167
-0.886456
0.929685
-0.328909
-0.499706
0.982168
-0.78427
0.0430983
0.727928
-0.99471
0.572443
0.246362
-0.894509
0.923018
-0.312141
-0.514961
0.985342
-0.773165
0.0254061
0.739952
-0.992735
0.557839
0.26348
-0.902283
0.916063
-0.295274
-0.530054
0.988208
-0.761817
0.00770586
0.751743
-0.99045
0.54306
0.280515
-0.909774
0.90882
-0.278315
-0.544982
0.990763
-0.75023
-0.00999674
0.763299
-0.987854
0.52811
0.297462
-0.916979
0.901293
-0.261269
-0.559739
0.993009
-0.738409
-0.0276962
0.774616
-0.984949
0.512996
0.314316
-0.923897
0.893483
-0.244141
-0.57432
0.994943
-0.726356
-0.045387
0.78569
-0.981735
0.49772
0.331072
-0.930526
0.885393
-0.226937
-0.588721
0.996565
-0.714075
-0.0630636
0.796517
-0.978213
0.482288
0.347724
-0.936863
0.877026
-0.209661
-0.602938
0.997875
-0.701571
-0.0807204
0.807095
-0.974385
0.466706
0.364266
-0.942907
0.868383
-0.19232
-0.616966
0.998872
-0.688846
-0.0983519
0.81742
-0.970251
0.450977
0.380695
-0.948655
0.859469
-0.174918
-0.630801
0.999556
-0.675906
-0.115953
0.827489
-0.965814
0.435107
0.397004
-0.954105
0.850285
-0.157462
-0.644438
0.999927
-0.662754
-0.133517
0.837299
-0.961073
0.4191
0.413189
-0.959257
0.840835
-0.139956
-0.657872
0.999984
-0.649394
-0.151039
0.846846
-0.956032
0.402962
0.429245
-0.964108
0.831122
-0.122406
-0.671101
0.999728
-0.635831
-0.168515
0.856128
-0.950691
0.386698
0.445166
-0.968657
0.821147
-0.104818
-0.68412
0.999159
-0.622069
-0.185937
0.865142
-0.945052
0.370312
0.460947
-0.972903
0.810916
-0.0871976
-0.696924
0.998277
-0.608111
-0.203301
0.873884
-0.939116
0.353811
0.476584
-0.976843
0.80043
-0.0695494
-0.709509
0.997082
-0.593963
-0.220601
0.882353
-0.932887
0.337198
0.492072
-0.980477
0.789694
-0.0518795
-0.721873
0.995574
-0.579629
-0.237833
0.890545
-0.926365
0.32048
0.507405
-0.983805
0.77871
-0.0341933
-0.73401
0.993755
-0.565113
-0.254989
0.898458
-0.919553
0.303662
0.522579
-0.986823
0.767482
-0.0164963
-0.745917
0.991624
-0.55042
-0.272066
0.906089
-0.912453
0.286748
0.53759
-0.989533
0.756014
0.00120577
-0.75759
0.989182
-0.535555
-0.289058
0.913437
-0.905066
0.269745
0.552432
-0.991932
0.744308
0.0189075
-0.769026
0.98643
-0.520522
-0.305959
0.920498
-0.897396
0.252657
0.567101
-0.994021
0.73237
0.0366033
-0.780221
0.983369
-0.505326
-0.322764
0.927271
-0.889445
0.23549
0.581592
-0.995798
0.720202
0.0542876
-0.791171
0.98
-0.489971
-0.339468
0.933753
-0.881215
0.218249
0.595902
-0.997263
0.707808
0.0719549
-0.801874
0.976324
-0.474463
-0.356065
0.939942
-0.872709
0.200939
0.610024
-0.998416
0.695192
0.0895997
-0.812325
0.972342
-0.458806
-0.372551
0.945837
-0.86393
0.183567
0.623955
-0.999255
0.682359
0.107216
-0.822521
0.968055
-0.443005
-0.388921
0.951436
-0.854879
0.166137
0.637691
-0.999782
0.669311
0.124799
-0.83246
0.963465
-0.427065
-0.405168
0.956736
-0.845561
0.148655
0.651226
-0.999995
0.656054
0.142343
-0.842138
0.958573
-0.410992
-0.421288
0.961737
-0.835978
0.131127
0.664558
-0.999895
0.642592
0.159843
-0.851552
0.95338
-0.39479
-0.437277
0.966436
-0.826133
0.113557
0.677681
-0.999481
0.628928
0.177292
-0.860699
0.947889
-0.378464
-0.453128
0.970832
-0.816029
0.0959518
0.690592
-0.998754
0.615066
0.194686
-0.869577
0.942101
-0.36202
-0.468837
0.974924
-0.805669
0.0783165
0.703287
-0.997715
0.601013
0.212019
-0.878182
0.936017
-0.345462
-0.4844
0.978711
-0.795057
0.0606567
0.715761
-0.996362
0.58677
0.229285
-0.886511
0.92964
-0.328795
-0.49981
0.982191
-0.784195
0.0429778
0.728011
-0.994697
0.572344
0.246479
-0.894563
0.922972
-0.312026
-0.515064
0.985363
-0.773088
0.0252855
0.740033
-0.992721
0.557739
0.263596
-0.902335
0.916014
-0.295159
-0.530157
0.988226
-0.761739
0.00758529
0.751823
-0.990433
0.542958
0.280631
-0.909824
0.90877
-0.2782
-0.545083
0.99078
-0.750151
-0.0101173
0.763377
-0.987836
0.528008
0.297578
-0.917027
0.90124
-0.261153
-0.559839
0.993023
-0.738327
-0.0278167
0.774692
-0.984928
0.512892
0.314431
-0.923943
0.893429
-0.244024
-0.574419
0.994955
-0.726273
-0.0455075
0.785764
-0.981712
0.497615
0.331186
-0.93057
0.885337
-0.226819
-0.588819
0.996575
-0.713991
-0.0631839
0.79659
-0.978188
0.482183
0.347837
-0.936905
0.876968
-0.209543
-0.603034
0.997882
-0.701485
-0.0808406
0.807166
-0.974358
0.466599
0.364379
-0.942947
0.868324
-0.192202
-0.617061
0.998877
-0.688759
-0.0984719
0.81749
-0.970222
0.450869
0.380807
-0.948693
0.859407
-0.1748
-0.630894
0.999559
-0.675817
-0.116072
0.827557
-0.965782
0.434998
0.397115
-0.954141
0.850222
-0.157343
-0.64453
0.999928
-0.662664
-0.133636
0.837365
-0.96104
0.41899
0.413299
-0.959291
0.84077
-0.139837
-0.657963
0.999984
-0.649303
-0.151159
0.84691
-0.955996
0.402852
0.429354
-0.96414
0.831055
-0.122287
-0.671191
0.999726
-0.635738
-0.168633
0.85619
-0.950653
0.386587
0.445274
-0.968687
0.821079
-0.104699
-0.684208
0.999154
-0.621974
-0.186055
0.865202
-0.945012
0.3702
0.461054
-0.97293
0.810845
-0.0870775
-0.69701
0.99827
-0.608015
-0.203419
0.873943
-0.939075
0.353698
0.47669
-0.976869
0.800358
-0.0694291
-0.709594
0.997073
-0.593866
-0.220719
0.882409
-0.932843
0.337085
0.492177
-0.980501
0.78962
-0.0517591
-0.721956
0.995563
-0.579531
-0.23795
0.8906
-0.92632
0.320366
0.507509
-0.983826
0.778634
-0.0340728
-0.734092
0.993741
-0.565014
-0.255106
0.898511
-0.919505
0.303547
0.522682
-0.986843
0.767405
-0.0163758
-0.745997
0.991608
-0.55032
-0.272182
0.90614
-0.912403
0.286633
0.537692
-0.98955
0.755935
0.00132635
-0.757669
0.989164
-0.535453
-0.289173
0.913486
-0.905015
0.269629
0.552533
-0.991948
0.744228
0.0190281
-0.769103
0.986411
-0.520419
-0.306074
0.920545
-0.897343
0.25254
0.5672
-0.994034
0.732288
0.0367238
-0.780296
0.983348
-0.505221
-0.322878
0.927316
-0.88939
0.235373
0.581691
-0.995809
0.720118
0.054408
-0.791245
0.979976
-0.489866
-0.339581
0.933796
-0.881158
0.218131
0.595998
-0.997272
0.707723
0.0720752
-0.801946
0.976298
-0.474356
-0.356178
0.939983
-0.87265
0.200821
0.610119
-0.998422
0.695106
0.0897198
-0.812395
0.972314
-0.458699
-0.372663
0.945876
-0.863869
0.183448
0.624049
-0.99926
0.682271
0.107336
-0.82259
0.968025
-0.442897
-0.389032
0.951473
-0.854817
0.166018
0.637783
-0.999784
0.669222
0.124919
-0.832527
0.963433
-0.426956
-0.405278
0.956771
-0.845497
0.148536
0.651318
-0.999995
0.655963
0.142463
-0.842203
0.958539
-0.410882
-0.421398
0.96177
-0.835912
0.131007
0.664648
-0.999893
0.642499
0.159962
-0.851615
0.953344
-0.394679
-0.437385
0.966467
-0.826065
0.113437
0.67777
-0.999477
0.628834
0.177411
-0.860761
0.947851
-0.378352
-0.453235
0.970861
-0.815959
0.0958317
0.69068
-0.998748
0.614971
0.194804
-0.869636
0.94206
-0.361907
-0.468944
0.974951
-0.805598
0.0781963
0.703373
-0.997706
0.600916
0.212136
-0.878239
0.935975
-0.345348
-0.484505
0.978736
-0.794984
0.0605363
0.715845
-0.996352
0.586673
0.229402
-0.886567
0.929596
-0.328682
-0.499915
0.982213
-0.784121
0.0428574
0.728094
-0.994685
0.572245
0.246596
-0.894617
0.922926
-0.311912
-0.515167
0.985383
-0.773012
0.025165
0.740114
-0.992706
0.557639
0.263713
-0.902387
0.915966
-0.295044
-0.530259
0.988245
-0.761661
0.00746472
0.751902
-0.990417
0.542857
0.280747
-0.909874
0.90872
-0.278084
-0.545184
0.990796
-0.750071
-0.0102379
0.763455
-0.987817
0.527906
0.297693
-0.917075
0.901188
-0.261037
-0.559938
0.993037
-0.738246
-0.0279373
0.774768
-0.984907
0.512788
0.314545
-0.92399
0.893374
-0.243907
-0.574517
0.994967
-0.72619
-0.0456279
0.785839
-0.981689
0.497511
0.331299
-0.930614
0.885281
-0.226702
-0.588916
0.996585
-0.713906
-0.0633043
0.796663
-0.978163
0.482077
0.34795
-0.936947
0.87691
-0.209425
-0.603131
0.99789
-0.701399
-0.0809608
0.807238
-0.974331
0.466492
0.364491
-0.942987
0.868264
-0.192083
-0.617156
0.998883
-0.688671
-0.0985919
0.817559
-0.970193
0.450762
0.380918
-0.948731
0.859346
-0.174681
-0.630988
0.999563
-0.675728
-0.116192
0.827625
-0.965751
0.434889
0.397226
-0.954178
0.850158
-0.157224
-0.644622
0.99993
-0.662573
-0.133756
0.837431
-0.961007
0.418881
0.413409
-0.959325
0.840705
-0.139717
-0.658054
0.999983
-0.649211
-0.151278
0.846974
-0.955961
0.402741
0.429463
-0.964172
0.830987
-0.122167
-0.67128
0.999723
-0.635645
-0.168752
0.856253
-0.950616
0.386475
0.445382
-0.968717
0.82101
-0.104579
-0.684296
0.999149
-0.62188
-0.186174
0.865263
-0.944973
0.370088
0.461161
-0.972958
0.810775
-0.0869574
-0.697097
0.998263
-0.60792
-0.203537
0.874001
-0.939034
0.353585
0.476796
-0.976895
0.800286
-0.0693089
-0.709679
0.997064
-0.593769
-0.220837
0.882466
-0.9328
0.336971
0.492282
-0.980525
0.789546
-0.0516386
-0.72204
0.995552
-0.579433
-0.238067
0.890654
-0.926274
0.320252
0.507613
-0.983848
0.778559
-0.0339522
-0.734173
0.993728
-0.564914
-0.255223
0.898564
-0.919458
0.303432
0.522785
-0.986862
0.767328
-0.0162552
-0.746077
0.991593
-0.550219
-0.272298
0.906191
-0.912354
0.286517
0.537793
-0.989568
0.755856
0.00144693
-0.757747
0.989147
-0.535351
-0.289289
0.913535
-0.904964
0.269513
0.552633
-0.991963
0.744147
0.0191486
-0.76918
0.986391
-0.520316
-0.306188
0.920592
-0.89729
0.252424
0.5673
-0.994047
0.732206
0.0368443
-0.780372
0.983326
-0.505117
-0.322992
0.927361
-0.889335
0.235255
0.581789
-0.99582
0.720034
0.0545284
-0.791319
0.979952
-0.489761
-0.339695
0.933839
-0.881101
0.218013
0.596095
-0.997281
0.707638
0.0721955
-0.802018
0.976272
-0.47425
-0.356291
0.940025
-0.872591
0.200703
0.610215
-0.998429
0.695019
0.0898399
-0.812465
0.972286
-0.458591
-0.372775
0.945916
-0.863808
0.18333
0.624143
-0.999265
0.682182
0.107456
-0.822659
0.967995
-0.442789
-0.389143
0.95151
-0.854754
0.165899
0.637876
-0.999787
0.669132
0.125039
-0.832594
0.9634
-0.426847
-0.405388
0.956806
-0.845432
0.148417
0.651409
-0.999996
0.655872
0.142582
-0.842268
0.958504
-0.410772
-0.421507
0.961803
-0.835846
0.130888
0.664738
-0.999891
0.642407
0.160081
-0.851679
0.953308
-0.394568
-0.437493
0.966498
-0.825997
0.113317
0.677859
-0.999473
0.62874
0.177529
-0.860822
0.947812
-0.378241
-0.453343
0.97089
-0.815889
0.0957117
0.690767
-0.998742
0.614876
0.194922
-0.869696
0.94202
-0.361795
-0.46905
0.974978
-0.805526
0.0780761
0.703458
-0.997698
0.60082
0.212254
-0.878297
0.935932
-0.345235
-0.484611
0.97876
-0.794911
0.0604159
0.71593
-0.996341
0.586575
0.22952
-0.886623
0.929551
-0.328568
-0.500019
0.982236
-0.784046
0.0427369
0.728176
-0.994673
0.572146
0.246713
-0.894671
0.922879
-0.311797
-0.515271
0.985404
-0.772935
0.0250444
0.740195
-0.992692
0.557538
0.263829
-0.902439
0.915918
-0.294929
-0.530361
0.988263
-0.761583
0.00734414
0.751982
-0.9904
0.542756
0.280862
-0.909924
0.908669
-0.277968
-0.545285
0.990812
-0.749991
-0.0103585
0.763533
-0.987798
0.527803
0.297808
-0.917123
0.901136
-0.26092
-0.560038
0.993051
-0.738165
-0.0280578
0.774844
-0.984886
0.512685
0.31466
-0.924036
0.89332
-0.243791
-0.574616
0.994979
-0.726107
-0.0457484
0.785913
-0.981666
0.497406
0.331413
-0.930658
0.885225
-0.226585
-0.589014
0.996595
-0.713822
-0.0634246
0.796736
-0.978138
0.481972
0.348063
-0.93699
0.876852
-0.209307
-0.603227
0.997898
-0.701313
-0.0810809
0.807309
-0.974304
0.466386
0.364603
-0.943027
0.868204
-0.191965
-0.617251
0.998889
-0.688584
-0.0987119
0.817629
-0.970164
0.450654
0.38103
-0.948769
0.859284
-0.174562
-0.631081
0.999567
-0.675639
-0.116312
0.827692
-0.96572
0.434781
0.397336
-0.954214
0.850095
-0.157105
-0.644714
0.999931
-0.662483
-0.133875
0.837497
-0.960973
0.418771
0.413519
-0.959359
0.840639
-0.139598
-0.658145
0.999982
-0.649119
-0.151397
0.847039
-0.955926
0.402631
0.429571
-0.964204
0.83092
-0.122047
-0.671369
0.99972
-0.635552
-0.168871
0.856315
-0.950578
0.386364
0.44549
-0.968747
0.820941
-0.104459
-0.684383
0.999144
-0.621785
-0.186292
0.865323
-0.944933
0.369976
0.461268
-0.972986
0.810704
-0.0868372
-0.697183
0.998256
-0.607824
-0.203655
0.87406
-0.938992
0.353472
0.476902
-0.97692
0.800214
-0.0691886
-0.709764
0.997054
-0.593672
-0.220954
0.882523
-0.932757
0.336858
0.492387
-0.980549
0.789472
-0.0515182
-0.722123
0.99554
-0.579334
-0.238184
0.890709
-0.926229
0.320138
0.507717
-0.983869
0.778483
-0.0338317
-0.734255
0.993714
-0.564815
-0.255339
0.898617
-0.919411
0.303317
0.522888
-0.986882
0.76725
-0.0161346
-0.746158
0.991577
-0.550118
-0.272414
0.906242
-0.912304
0.286402
0.537895
-0.989585
0.755777
0.00156751
-0.757826
0.989129
-0.53525
-0.289404
0.913584
-0.904912
0.269397
0.552734
-0.991978
0.744067
0.0192692
-0.769257
0.986371
-0.520213
-0.306303
0.920639
-0.897237
0.252307
0.567399
-0.99406
0.732123
0.0369648
-0.780447
0.983304
-0.505013
-0.323106
0.927406
-0.88928
0.235138
0.581887
-0.995831
0.719951
0.0546488
-0.791392
0.979928
-0.489655
-0.339808
0.933882
-0.881044
0.217896
0.596192
-0.99729
0.707552
0.0723157
-0.80209
0.976246
-0.474144
-0.356403
0.940066
-0.872533
0.200585
0.61031
-0.998436
0.694932
0.08996
-0.812536
0.972258
-0.458484
-0.372887
0.945955
-0.863747
0.183211
0.624238
-0.999269
0.682094
0.107576
-0.822727
0.967965
-0.442681
-0.389254
0.951547
-0.854692
0.16578
0.637969
-0.999789
0.669043
0.125158
-0.832661
0.963368
-0.426738
-0.405499
0.956841
-0.845368
0.148297
0.651501
-0.999996
0.655781
0.142701
-0.842333
0.95847
-0.410662
-0.421616
0.961836
-0.835779
0.130768
0.664828
-0.999889
0.642314
0.1602
-0.851742
0.953271
-0.394458
-0.437602
0.966529
-0.825929
0.113198
0.677947
-0.999469
0.628646
0.177648
-0.860883
0.947774
-0.378129
-0.45345
0.970919
-0.81582
0.0955917
0.690854
-0.998736
0.614781
0.195041
-0.869755
0.941979
-0.361682
-0.469157
0.975005
-0.805455
0.0779559
0.703544
-0.99769
0.600723
0.212372
-0.878355
0.93589
-0.345122
-0.484716
0.978785
-0.794837
0.0602956
0.716014
-0.996331
0.586477
0.229637
-0.886679
0.929507
-0.328454
-0.500123
0.982259
-0.783971
0.0426164
0.728259
-0.99466
0.572047
0.24683
-0.894725
0.922833
-0.311682
-0.515374
0.985424
-0.772859
0.0249239
0.740276
-0.992677
0.557438
0.263945
-0.902491
0.915869
-0.294814
-0.530463
0.988281
-0.761504
0.00722357
0.752061
-0.990383
0.542655
0.280978
-0.909974
0.908619
-0.277852
-0.545386
0.990829
-0.749911
-0.010479
0.76361
-0.987779
0.527701
0.297923
-0.917171
0.901084
-0.260804
-0.560138
0.993065
-0.738083
-0.0281783
0.774921
-0.984865
0.512581
0.314774
-0.924082
0.893266
-0.243674
-0.574715
0.994991
-0.726024
-0.0458688
0.785988
-0.981643
0.497302
0.331527
-0.930703
0.885169
-0.226467
-0.589111
0.996605
-0.713737
-0.0635449
0.796809
-0.978113
0.481866
0.348176
-0.937032
0.876794
-0.20919
-0.603323
0.997906
-0.701227
-0.0812011
0.80738
-0.974276
0.466279
0.364716
-0.943067
0.868144
-0.191847
-0.617346
0.998895
-0.688496
-0.0988319
0.817698
-0.970134
0.450546
0.381141
-0.948807
0.859222
-0.174443
-0.631175
0.99957
-0.67555
-0.116432
0.82776
-0.965689
0.434672
0.397447
-0.95425
0.850031
-0.156986
-0.644806
0.999932
-0.662393
-0.133995
0.837563
-0.96094
0.418662
0.413629
-0.959393
0.840574
-0.139478
-0.658236
0.999981
-0.649027
-0.151516
0.847103
-0.95589
0.402521
0.42968
-0.964236
0.830853
-0.121928
-0.671459
0.999717
-0.635459
-0.16899
0.856377
-0.950541
0.386253
0.445598
-0.968777
0.820872
-0.104339
-0.684471
0.999139
-0.621691
-0.186411
0.865383
-0.944894
0.369864
0.461375
-0.973014
0.810634
-0.0867171
-0.69727
0.998249
-0.607728
-0.203773
0.874118
-0.938951
0.35336
0.477008
-0.976946
0.800141
-0.0690683
-0.709849
0.997045
-0.593575
-0.221072
0.88258
-0.932713
0.336744
0.492491
-0.980572
0.789398
-0.0513978
-0.722206
0.995529
-0.579236
-0.238301
0.890764
-0.926183
0.320024
0.507821
-0.983891
0.778407
-0.0337112
-0.734337
0.993701
-0.564715
-0.255456
0.898669
-0.919363
0.303202
0.522991
-0.986901
0.767173
-0.0160141
-0.746238
0.991561
-0.550018
-0.27253
0.906293
-0.912255
0.286286
0.537997
-0.989602
0.755698
0.00168808
-0.757905
0.989111
-0.535148
-0.28952
0.913633
-0.904861
0.26928
0.552834
-0.991993
0.743986
0.0193897
-0.769334
0.986351
-0.52011
-0.306418
0.920686
-0.897183
0.25219
0.567498
-0.994074
0.732041
0.0370853
-0.780522
0.983282
-0.504909
-0.32322
0.927451
-0.889225
0.235021
0.581985
-0.995842
0.719867
0.0547692
-0.791466
0.979904
-0.48955
-0.339921
0.933925
-0.880987
0.217778
0.596289
-0.997299
0.707467
0.072436
-0.802162
0.97622
-0.474038
-0.356516
0.940107
-0.872474
0.200467
0.610406
-0.998443
0.694845
0.0900801
-0.812606
0.972229
-0.458377
-0.372999
0.945994
-0.863687
0.183093
0.624332
-0.999274
0.682006
0.107696
-0.822796
0.967934
-0.442573
-0.389365
0.951584
-0.854629
0.165661
0.638062
-0.999792
0.668953
0.125278
-0.832727
0.963336
-0.426629
-0.405609
0.956876
-0.845304
0.148178
0.651592
-0.999996
0.65569
0.142821
-0.842398
0.958435
-0.410552
-0.421726
0.961869
-0.835713
0.130648
0.664918
-0.999888
0.642222
0.160319
-0.851805
0.953235
-0.394347
-0.43771
0.96656
-0.825861
0.113078
0.678036
-0.999465
0.628553
0.177767
-0.860945
0.947735
-0.378018
-0.453558
0.970948
-0.81575
0.0954717
0.690941
-0.99873
0.614686
0.195159
-0.869815
0.941939
-0.36157
-0.469263
0.975032
-0.805383
0.0778356
0.70363
-0.997682
0.600627
0.21249
-0.878412
0.935847
-0.345009
-0.484821
0.97881
-0.794764
0.0601752
0.716098
-0.996321
0.58638
0.229754
-0.886734
0.929462
-0.32834
-0.500228
0.982281
-0.783896
0.042496
0.728342
-0.994648
0.571949
0.246947
-0.894779
0.922786
-0.311568
-0.515477
0.985445
-0.772782
0.0248034
0.740357
-0.992663
0.557338
0.264062
-0.902543
0.915821
-0.294698
-0.530565
0.9883
-0.761426
0.00710299
0.752141
-0.990367
0.542553
0.281094
-0.910024
0.908568
-0.277736
-0.545487
0.990845
-0.749832
-0.0105996
0.763688
-0.98776
0.527598
0.298038
-0.917219
0.901031
-0.260687
-0.560238
0.99308
-0.738002
-0.0282989
0.774997
-0.984845
0.512478
0.314889
-0.924128
0.893212
-0.243557
-0.574813
0.995003
-0.725941
-0.0459893
0.786062
-0.98162
0.497197
0.331641
-0.930747
0.885113
-0.22635
-0.589209
0.996614
-0.713653
-0.0636653
0.796882
-0.978088
0.48176
0.348289
-0.937074
0.876736
-0.209072
-0.603419
0.997914
-0.701141
-0.0813213
0.807451
-0.974249
0.466172
0.364828
-0.943107
0.868084
-0.191728
-0.61744
0.9989
-0.688409
-0.0989518
0.817768
-0.970105
0.450439
0.381253
-0.948845
0.859161
-0.174325
-0.631268
0.999574
-0.675462
-0.116551
0.827828
-0.965657
0.434564
0.397558
-0.954286
0.849968
-0.156866
-0.644898
0.999934
-0.662302
-0.134114
0.837628
-0.960907
0.418552
0.413738
-0.959427
0.840509
-0.139359
-0.658326
0.999981
-0.648936
-0.151635
0.847167
-0.955855
0.40241
0.429789
-0.964268
0.830786
-0.121808
-0.671548
0.999714
-0.635366
-0.169109
0.856439
-0.950504
0.386142
0.445705
-0.968807
0.820803
-0.104219
-0.684559
0.999134
-0.621596
-0.186529
0.865444
-0.944854
0.369752
0.461482
-0.973042
0.810563
-0.086597
-0.697356
0.998242
-0.607632
-0.203891
0.874177
-0.938909
0.353247
0.477114
-0.976972
0.800069
-0.068948
-0.709934
0.997036
-0.593478
-0.221189
0.882636
-0.93267
0.336631
0.492596
-0.980596
0.789324
-0.0512774
-0.72229
0.995518
-0.579138
-0.238418
0.890819
-0.926138
0.319909
0.507924
-0.983912
0.778332
-0.0335907
-0.734419
0.993687
-0.564616
-0.255572
0.898722
-0.919316
0.303088
0.523093
-0.986921
0.767096
-0.0158935
-0.746318
0.991546
-0.549917
-0.272646
0.906344
-0.912206
0.286171
0.538098
-0.98962
0.755619
0.00180866
-0.757983
0.989093
-0.535046
-0.289635
0.913682
-0.90481
0.269164
0.552935
-0.992009
0.743906
0.0195103
-0.769411
0.986331
-0.520007
-0.306533
0.920733
-0.89713
0.252074
0.567598
-0.994087
0.731959
0.0372058
-0.780598
0.98326
-0.504805
-0.323334
0.927496
-0.889169
0.234904
0.582083
-0.995853
0.719783
0.0548896
-0.79154
0.97988
-0.489445
-0.340035
0.933968
-0.88093
0.21766
0.596386
-0.997308
0.707382
0.0725562
-0.802234
0.976194
-0.473932
-0.356629
0.940148
-0.872415
0.200349
0.610501
-0.998449
0.694759
0.0902001
-0.812676
0.972201
-0.45827
-0.373111
0.946033
-0.863626
0.182974
0.624426
-0.999278
0.681918
0.107816
-0.822864
0.967904
-0.442464
-0.389476
0.951621
-0.854566
0.165543
0.638155
-0.999794
0.668863
0.125398
-0.832794
0.963303
-0.42652
-0.405719
0.956911
-0.845239
0.148059
0.651684
-0.999997
0.655599
0.14294
-0.842463
0.958401
-0.410442
-0.421835
0.961902
-0.835647
0.130529
0.665008
-0.999886
0.64213
0.160438
-0.851868
0.953198
-0.394236
-0.437819
0.966591
-0.825793
0.112958
0.678125
-0.999462
0.628459
0.177885
-0.861006
0.947697
-0.377906
-0.453665
0.970977
-0.81568
0.0953516
0.691028
-0.998724
0.614591
0.195277
-0.869874
0.941898
-0.361457
-0.46937
0.975058
-0.805312
0.0777154
0.703715
-0.997674
0.600531
0.212608
-0.87847
0.935805
-0.344896
-0.484927
0.978835
-0.794691
0.0600549
0.716182
-0.996311
0.586282
0.229872
-0.88679
0.929418
-0.328226
-0.500332
0.982304
-0.783821
0.0423755
0.728424
-0.994635
0.57185
0.247063
-0.894833
0.92274
-0.311453
-0.515581
0.985465
-0.772706
0.0246828
0.740438
-0.992648
0.557238
0.264178
-0.902594
0.915772
-0.294583
-0.530668
0.988318
-0.761348
0.00698242
0.75222
-0.99035
0.542452
0.28121
-0.910074
0.908518
-0.277621
-0.545588
0.990861
-0.749752
-0.0107202
0.763766
-0.987742
0.527496
0.298153
-0.917267
0.900979
-0.260571
-0.560338
0.993094
-0.737921
-0.0284194
0.775073
-0.984824
0.512374
0.315003
-0.924174
0.893158
-0.24344
-0.574912
0.995015
-0.725858
-0.0461097
0.786137
-0.981597
0.497092
0.331755
-0.930791
0.885056
-0.226232
-0.589306
0.996624
-0.713568
-0.0637856
0.796954
-0.978063
0.481655
0.348402
-0.937116
0.876678
-0.208954
-0.603515
0.997921
-0.701055
-0.0814415
0.807522
-0.974222
0.466066
0.36494
-0.943147
0.868024
-0.19161
-0.617535
0.998906
-0.688322
-0.0990718
0.817837
-0.970076
0.450331
0.381364
-0.948883
0.859099
-0.174206
-0.631362
0.999577
-0.675373
-0.116671
0.827895
-0.965626
0.434455
0.397668
-0.954322
0.849904
-0.156747
-0.644991
0.999935
-0.662212
-0.134234
0.837694
-0.960873
0.418443
0.413848
-0.959461
0.840443
-0.13924
-0.658417
0.99998
-0.648844
-0.151755
0.847231
-0.955819
0.4023
0.429898
-0.9643
0.830719
-0.121688
-0.671637
0.999711
-0.635273
-0.169228
0.856502
-0.950466
0.38603
0.445813
-0.968837
0.820734
-0.104099
-0.684647
0.999129
-0.621502
-0.186648
0.865504
-0.944815
0.36964
0.461589
-0.97307
0.810492
-0.0864769
-0.697442
0.998234
-0.607537
-0.204009
0.874236
-0.938868
0.353134
0.47722
-0.976998
0.799997
-0.0688277
-0.710019
0.997026
-0.593381
-0.221307
0.882693
-0.932626
0.336517
0.492701
-0.980619
0.78925
-0.051157
-0.722373
0.995506
-0.579039
-0.238535
0.890874
-0.926092
0.319795
0.508028
-0.983934
0.778256
-0.0334702
-0.734501
0.993674
-0.564516
-0.255689
0.898775
-0.919268
0.302973
0.523196
-0.98694
0.767018
-0.015773
-0.746398
0.99153
-0.549816
-0.272762
0.906395
-0.912156
0.286055
0.5382
-0.989637
0.75554
0.00192924
-0.758062
0.989076
-0.534944
-0.28975
0.913731
-0.904758
0.269048
0.553035
-0.992024
0.743825
0.0196308
-0.769488
0.986311
-0.519904
-0.306647
0.92078
-0.897077
0.251957
0.567697
-0.9941
0.731877
0.0373263
-0.780673
0.983238
-0.504701
-0.323449
0.927541
-0.889114
0.234787
0.582181
-0.995864
0.7197
0.05501
-0.791613
0.979856
-0.48934
-0.340148
0.934011
-0.880873
0.217543
0.596482
-0.997316
0.707297
0.0726765
-0.802306
0.976168
-0.473826
-0.356741
0.940189
-0.872356
0.200231
0.610597
-0.998456
0.694672
0.0903202
-0.812747
0.972173
-0.458163
-0.373223
0.946072
-0.863565
0.182856
0.62452
-0.999283
0.68183
0.107936
-0.822933
0.967874
-0.442356
-0.389587
0.951658
-0.854504
0.165424
0.638248
-0.999797
0.668774
0.125517
-0.832861
0.963271
-0.426411
-0.405829
0.956947
-0.845175
0.14794
0.651775
-0.999997
0.655508
0.14306
-0.842528
0.958367
-0.410332
-0.421944
0.961935
-0.835581
0.130409
0.665098
-0.999884
0.642037
0.160557
-0.851931
0.953162
-0.394125
-0.437927
0.966622
-0.825725
0.112838
0.678213
-0.999458
0.628365
0.178004
-0.861067
0.947658
-0.377794
-0.453773
0.971006
-0.81561
0.0952316
0.691115
-0.998718
0.614496
0.195395
-0.869934
0.941858
-0.361345
-0.469476
0.975085
-0.80524
0.0775952
0.703801
-0.997665
0.600434
0.212725
-0.878527
0.935762
-0.344783
-0.485032
0.978859
-0.794618
0.0599345
0.716266
-0.9963
0.586184
0.229989
-0.886846
0.929373
-0.328112
-0.500437
0.982327
-0.783746
0.042255
0.728507
-0.994623
0.571751
0.24718
-0.894886
0.922693
-0.311339
-0.515684
0.985486
-0.772629
0.0245623
0.740519
-0.992634
0.557138
0.264294
-0.902646
0.915724
-0.294468
-0.53077
0.988337
-0.76127
0.00686184
0.752299
-0.990333
0.542351
0.281325
-0.910124
0.908468
-0.277505
-0.545689
0.990877
-0.749672
-0.0108407
0.763844
-0.987723
0.527393
0.298268
-0.917316
0.900927
-0.260455
-0.560438
0.993108
-0.737839
-0.0285399
0.775149
-0.984803
0.512271
0.315118
-0.92422
0.893103
-0.243323
-0.575011
0.995027
-0.725775
-0.0462302
0.786211
-0.981574
0.496988
0.331868
-0.930835
0.885
-0.226115
-0.589403
0.996634
-0.713484
-0.0639059
0.797027
-0.978038
0.481549
0.348515
-0.937158
0.87662
-0.208836
-0.603611
0.997929
-0.700969
-0.0815617
0.807593
-0.974195
0.465959
0.365052
-0.943187
0.867965
-0.191491
-0.61763
0.998911
-0.688234
-0.0991918
0.817906
-0.970047
0.450223
0.381475
-0.948921
0.859037
-0.174087
-0.631455
0.999581
-0.675284
-0.116791
0.827963
-0.965595
0.434346
0.397779
-0.954358
0.849841
-0.156628
-0.645083
0.999937
-0.662122
-0.134353
0.83776
-0.96084
0.418333
0.413958
-0.959495
0.840378
-0.13912
-0.658508
0.999979
-0.648752
-0.151874
0.847295
-0.955784
0.402189
0.430007
-0.964332
0.830652
-0.121569
-0.671727
0.999708
-0.635179
-0.169347
0.856564
-0.950429
0.385919
0.445921
-0.968866
0.820665
-0.103979
-0.684735
0.999124
-0.621408
-0.186766
0.865565
-0.944775
0.369528
0.461696
-0.973097
0.810422
-0.0863567
-0.697529
0.998227
-0.607441
-0.204127
0.874294
-0.938826
0.353021
0.477326
-0.977023
0.799924
-0.0687074
-0.710104
0.997017
-0.593284
-0.221425
0.88275
-0.932583
0.336404
0.492806
-0.980643
0.789176
-0.0510366
-0.722457
0.995495
-0.578941
-0.238652
0.890928
-0.926047
0.319681
0.508132
-0.983956
0.77818
-0.0333497
-0.734583
0.99366
-0.564417
-0.255806
0.898828
-0.919221
0.302858
0.523299
-0.98696
0.766941
-0.0156524
-0.746479
0.991514
-0.549716
-0.272878
0.906446
-0.912107
0.28594
0.538302
-0.989654
0.755461
0.00204981
-0.758141
0.989058
-0.534842
-0.289866
0.91378
-0.904707
0.268932
0.553136
-0.992039
0.743744
0.0197514
-0.769565
0.986291
-0.519801
-0.306762
0.920827
-0.897024
0.25184
0.567796
-0.994113
0.731795
0.0374468
-0.780749
0.983216
-0.504597
-0.323563
0.927586
-0.889059
0.234669
0.582279
-0.995875
0.719616
0.0551304
-0.791687
0.979832
-0.489235
-0.340262
0.934055
-0.880816
0.217425
0.596579
-0.997325
0.707211
0.0727968
-0.802378
0.976141
-0.473719
-0.356854
0.94023
-0.872297
0.200112
0.610692
-0.998463
0.694585
0.0904403
-0.812817
0.972145
-0.458056
-0.373334
0.946111
-0.863504
0.182737
0.624614
-0.999287
0.681742
0.108056
-0.823001
0.967843
-0.442248
-0.389698
0.951695
-0.854441
0.165305
0.63834
-0.999799
0.668684
0.125637
-0.832928
0.963239
-0.426302
-0.405939
0.956981
-0.84511
0.14782
0.651867
-0.999997
0.655417
0.143179
-0.842593
0.958332
-0.410222
-0.422054
0.961968
-0.835515
0.13029
0.665188
-0.999882
0.641945
0.160676
-0.851994
0.953125
-0.394014
-0.438035
0.966653
-0.825657
0.112718
0.678302
-0.999454
0.628271
0.178123
-0.861129
0.94762
-0.377683
-0.45388
0.971034
-0.815541
0.0951116
0.691203
-0.998712
0.614401
0.195514
-0.869993
0.941817
-0.361233
-0.469583
0.975112
-0.805169
0.077475
0.703887
-0.997657
0.600338
0.212843
-0.878585
0.93572
-0.344669
-0.485138
0.978884
-0.794545
0.0598141
0.71635
-0.99629
0.586087
0.230106
-0.886902
0.929329
-0.327998
-0.500541
0.982349
-0.783671
0.0421345
0.728589
-0.99461
0.571652
0.247297
-0.89494
0.922647
-0.311224
-0.515787
0.985506
-0.772553
0.0244417
0.7406
-0.992619
0.557038
0.26441
-0.902698
0.915675
-0.294353
-0.530872
0.988355
-0.761192
0.00674127
0.752379
-0.990317
0.542249
0.281441
-0.910174
0.908417
-0.277389
-0.54579
0.990894
-0.749592
-0.0109613
0.763922
-0.987704
0.527291
0.298383
-0.917364
0.900874
-0.260338
-0.560538
0.993122
-0.737758
-0.0286605
0.775225
-0.984782
0.512167
0.315232
-0.924266
0.893049
-0.243206
-0.575109
0.995039
-0.725692
-0.0463506
0.786286
-0.981551
0.496883
0.331982
-0.930879
0.884944
-0.225997
-0.589501
0.996644
-0.713399
-0.0640263
0.7971
-0.978012
0.481443
0.348628
-0.9372
0.876562
-0.208718
-0.603707
0.997937
-0.700883
-0.0816818
0.807664
-0.974168
0.465852
0.365165
-0.943227
0.867905
-0.191373
-0.617725
0.998917
-0.688147
-0.0993118
0.817976
-0.970017
0.450116
0.381587
-0.948959
0.858976
-0.173968
-0.631549
0.999584
-0.675195
-0.116911
0.828031
-0.965563
0.434238
0.39789
-0.954394
0.849777
-0.156509
-0.645175
0.999938
-0.662031
-0.134473
0.837826
-0.960806
0.418224
0.414068
-0.959529
0.840313
-0.139001
-0.658599
0.999978
-0.64866
-0.151993
0.847359
-0.955748
0.402079
0.430116
-0.964364
0.830585
-0.121449
-0.671816
0.999706
-0.635086
-0.169465
0.856626
-0.950391
0.385808
0.446029
-0.968896
0.820597
-0.103859
-0.684823
0.999119
-0.621313
-0.186885
0.865625
-0.944736
0.369416
0.461803
-0.973125
0.810351
-0.0862366
-0.697615
0.99822
-0.607345
-0.204245
0.874353
-0.938785
0.352908
0.477432
-0.977049
0.799852
-0.0685871
-0.710189
0.997008
-0.593187
-0.221542
0.882806
-0.932539
0.33629
0.492911
-0.980667
0.789102
-0.0509161
-0.72254
0.995483
-0.578843
-0.23877
0.890983
-0.926001
0.319567
0.508236
-0.983977
0.778105
-0.0332292
-0.734665
0.993647
-0.564317
-0.255922
0.898881
-0.919173
0.302743
0.523402
-0.986979
0.766863
-0.0155318
-0.746559
0.991499
-0.549615
-0.272994
0.906497
-0.912057
0.285824
0.538403
-0.989672
0.755382
0.00217039
-0.758219
0.98904
-0.53474
-0.289981
0.913829
-0.904656
0.268816
0.553236
-0.992054
0.743664
0.0198719
-0.769642
0.986272
-0.519698
-0.306877
0.920874
-0.89697
0.251723
0.567895
-0.994126
0.731713
0.0375673
-0.780824
0.983194
-0.504493
-0.323677
0.927631
-0.889004
0.234552
0.582377
-0.995886
0.719532
0.0552508
-0.791761
0.979808
-0.48913
-0.340375
0.934098
-0.880759
0.217307
0.596676
-0.997334
0.707126
0.072917
-0.80245
0.976115
-0.473613
-0.356967
0.940271
-0.872238
0.199994
0.610788
-0.998469
0.694499
0.0905604
-0.812887
0.972116
-0.457948
-0.373446
0.94615
-0.863443
0.182619
0.624708
-0.999292
0.681653
0.108175
-0.82307
0.967813
-0.44214
-0.389809
0.951732
-0.854379
0.165186
0.638433
-0.999801
0.668594
0.125756
-0.832994
0.963206
-0.426193
-0.40605
0.957016
-0.845046
0.147701
0.651958
-0.999998
0.655326
0.143298
-0.842658
0.958298
-0.410113
-0.422163
0.962001
-0.835448
0.13017
0.665278
-0.99988
0.641852
0.160795
-0.852057
0.953089
-0.393903
-0.438144
0.966683
-0.825589
0.112599
0.67839
-0.99945
0.628177
0.178241
-0.86119
0.947581
-0.377571
-0.453988
0.971063
-0.815471
0.0949916
0.69129
-0.998706
0.614306
0.195632
-0.870053
0.941777
-0.36112
-0.469689
0.975139
-0.805097
0.0773548
0.703972
-0.997649
0.600241
0.212961
-0.878643
0.935677
-0.344556
-0.485243
0.978909
-0.794471
0.0596938
0.716434
-0.996279
0.585989
0.230224
-0.886957
0.929284
-0.327884
-0.500645
0.982372
-0.783596
0.0420141
0.728672
-0.994598
0.571553
0.247414
-0.894994
0.9226
-0.31111
-0.515891
0.985527
-0.772476
0.0243212
0.740681
-0.992604
0.556938
0.264527
-0.90275
0.915627
-0.294237
-0.530974
0.988373
-0.761113
0.00662069
0.752458
-0.9903
0.542148
0.281557
-0.910223
0.908367
-0.277273
-0.545891
0.99091
-0.749512
-0.0110819
0.764
-0.987685
0.527188
0.298498
-0.917412
0.900822
-0.260222
-0.560638
0.993136
-0.737676
-0.028781
0.775301
-0.984761
0.512064
0.315346
-0.924312
0.892995
-0.243089
-0.575208
0.995051
-0.725609
-0.0464711
0.78636
-0.981528
0.496778
0.332096
-0.930923
0.884888
-0.22588
-0.589598
0.996654
-0.713315
-0.0641466
0.797173
-0.977987
0.481337
0.348741
-0.937242
0.876504
-0.2086
-0.603804
0.997945
-0.700797
-0.081802
0.807736
-0.97414
0.465746
0.365277
-0.943268
0.867845
-0.191255
-0.61782
0.998923
-0.688059
-0.0994318
0.818045
-0.969988
0.450008
0.381698
-0.948997
0.858914
-0.17385
-0.631642
0.999588
-0.675106
-0.11703
0.828098
-0.965532
0.434129
0.398
-0.95443
0.849714
-0.15639
-0.645267
0.999939
-0.661941
-0.134592
0.837892
-0.960773
0.418114
0.414177
-0.959563
0.840247
-0.138881
-0.658689
0.999978
-0.648569
-0.152112
0.847423
-0.955713
0.401969
0.430225
-0.964396
0.830518
-0.121329
-0.671905
0.999703
-0.634993
-0.169584
0.856688
-0.950354
0.385697
0.446137
-0.968926
0.820528
-0.103739
-0.684911
0.999114
-0.621219
-0.187003
0.865685
-0.944696
0.369304
0.46191
-0.973153
0.810281
-0.0861165
-0.697702
0.998213
-0.607249
-0.204364
0.874411
-0.938743
0.352796
0.477538
-0.977075
0.799779
-0.0684668
-0.710274
0.996999
-0.59309
-0.22166
0.882863
-0.932496
0.336177
0.493016
-0.98069
0.789028
-0.0507957
-0.722623
0.995472
-0.578744
-0.238887
0.891038
-0.925956
0.319452
0.50834
-0.983999
0.778029
-0.0331087
-0.734746
0.993633
-0.564218
-0.256039
0.898934
-0.919126
0.302628
0.523504
-0.986998
0.766786
-0.0154113
-0.746639
0.991483
-0.549514
-0.27311
0.906548
-0.912008
0.285709
0.538505
-0.989689
0.755303
0.00229097
-0.758298
0.989022
-0.534638
-0.290097
0.913878
-0.904604
0.2687
0.553336
-0.992069
0.743583
0.0199925
-0.769719
0.986252
-0.519595
-0.306992
0.920921
-0.896917
0.251607
0.567995
-0.994139
0.73163
0.0376877
-0.780899
0.983172
-0.504389
-0.323791
0.927676
-0.888949
0.234435
0.582475
-0.995897
0.719448
0.0553712
-0.791834
0.979784
-0.489025
-0.340488
0.934141
-0.880702
0.21719
0.596773
-0.997343
0.707041
0.0730373
-0.802522
0.976089
-0.473507
-0.357079
0.940312
-0.872179
0.199876
0.610883
-0.998476
0.694412
0.0906805
-0.812957
0.972088
-0.457841
-0.373558
0.946189
-0.863383
0.1825
0.624803
-0.999297
0.681565
0.108295
-0.823138
0.967783
-0.442032
-0.38992
0.951769
-0.854316
0.165067
0.638526
-0.999804
0.668505
0.125876
-0.833061
0.963174
-0.426084
-0.40616
0.957051
-0.844981
0.147582
0.652049
-0.999998
0.655235
0.143418
-0.842723
0.958263
-0.410003
-0.422272
0.962034
-0.835382
0.130051
0.665368
-0.999878
0.64176
0.160914
-0.852121
0.953052
-0.393793
-0.438252
0.966714
-0.825521
0.112479
0.678479
-0.999446
0.628084
0.17836
-0.861251
0.947543
-0.377459
-0.454095
0.971092
-0.815401
0.0948715
0.691377
-0.9987
0.61421
0.19575
-0.870112
0.941736
-0.361008
-0.469795
0.975165
-0.805026
0.0772346
0.704058
-0.997641
0.600145
0.213079
-0.8787
0.935635
-0.344443
-0.485349
0.978933
-0.794398
0.0595734
0.716519
-0.996269
0.585891
0.230341
-0.887013
0.92924
-0.32777
-0.50075
0.982394
-0.783522
0.0418936
0.728755
-0.994585
0.571454
0.247531
-0.895048
0.922554
-0.310995
-0.515994
0.985547
-0.772399
0.0242007
0.740762
-0.99259
0.556838
0.264643
-0.902802
0.915579
-0.294122
-0.531076
0.988392
-0.761035
0.00650012
0.752538
-0.990283
0.542047
0.281672
-0.910273
0.908316
-0.277157
-0.545992
0.990926
-0.749433
-0.0112025
0.764077
-0.987666
0.527086
0.298613
-0.917459
0.90077
-0.260105
-0.560737
0.99315
-0.737595
-0.0289015
0.775378
-0.98474
0.51196
0.315461
-0.924358
0.892941
-0.242972
-0.575307
0.995063
-0.725526
-0.0465915
0.786435
-0.981505
0.496674
0.332209
-0.930967
0.884832
-0.225762
-0.589696
0.996664
-0.71323
-0.0642669
0.797246
-0.977962
0.481232
0.348854
-0.937284
0.876446
-0.208482
-0.6039
0.997952
-0.700711
-0.0819222
0.807807
-0.974113
0.465639
0.365389
-0.943308
0.867785
-0.191136
-0.617915
0.998928
-0.687972
-0.0995518
0.818114
-0.969959
0.4499
0.38181
-0.949035
0.858852
-0.173731
-0.631736
0.999591
-0.675017
-0.11715
0.828166
-0.9655
0.434021
0.398111
-0.954466
0.84965
-0.156271
-0.645359
0.999941
-0.661851
-0.134712
0.837958
-0.960739
0.418005
0.414287
-0.959597
0.840182
-0.138762
-0.65878
0.999977
-0.648477
-0.152231
0.847487
-0.955678
0.401858
0.430334
-0.964428
0.83045
-0.12121
-0.671995
0.9997
-0.6349
-0.169703
0.856751
-0.950316
0.385585
0.446245
-0.968956
0.820459
-0.103619
-0.684999
0.999109
-0.621124
-0.187122
0.865746
-0.944657
0.369192
0.462017
-0.973181
0.81021
-0.0859964
-0.697788
0.998206
-0.607154
-0.204482
0.87447
-0.938701
0.352683
0.477644
-0.9771
0.799707
-0.0683465
-0.710359
0.996989
-0.592993
-0.221777
0.882919
-0.932452
0.336063
0.493121
-0.980714
0.788954
-0.0506753
-0.722707
0.99546
-0.578646
-0.239004
0.891093
-0.92591
0.319338
0.508444
-0.98402
0.777953
-0.0329882
-0.734828
0.99362
-0.564118
-0.256155
0.898986
-0.919078
0.302513
0.523607
-0.987018
0.766709
-0.0152907
-0.746719
0.991467
-0.549413
-0.273226
0.906599
-0.911958
0.285593
0.538606
-0.989706
0.755224
0.00241155
-0.758377
0.989004
-0.534536
-0.290212
0.913927
-0.904553
0.268584
0.553437
-0.992085
0.743503
0.020113
-0.769796
0.986232
-0.519492
-0.307107
0.920968
-0.896864
0.25149
0.568094
-0.994152
0.731548
0.0378082
-0.780975
0.98315
-0.504285
-0.323905
0.927721
-0.888893
0.234318
0.582573
-0.995908
0.719365
0.0554916
-0.791908
0.97976
-0.488919
-0.340602
0.934184
-0.880645
0.217072
0.596869
-0.997352
0.706956
0.0731575
-0.802594
0.976063
-0.473401
-0.357192
0.940353
-0.87212
0.199758
0.610979
-0.998483
0.694325
0.0908006
-0.813027
0.97206
-0.457734
-0.37367
0.946228
-0.863322
0.182382
0.624897
-0.999301
0.681477
0.108415
-0.823207
0.967752
-0.441924
-0.390031
0.951806
-0.854253
0.164948
0.638619
-0.999806
0.668415
0.125996
-0.833128
0.963141
-0.425975
-0.40627
0.957086
-0.844917
0.147463
0.652141
-0.999998
0.655144
0.143537
-0.842788
0.958229
-0.409893
-0.422381
0.962066
-0.835316
0.129931
0.665458
-0.999876
0.641667
0.161033
-0.852184
0.953016
-0.393682
-0.438361
0.966745
-0.825453
0.112359
0.678567
-0.999442
0.62799
0.178479
-0.861313
0.947504
-0.377348
-0.454202
0.971121
-0.815331
0.0947515
0.691464
-0.998693
0.614115
0.195868
-0.870171
0.941696
-0.360895
-0.469902
0.975192
-0.804954
0.0771144
0.704144
-0.997632
0.600048
0.213197
-0.878758
0.935592
-0.34433
-0.485454
0.978958
-0.794325
0.0594531
0.716603
-0.996259
0.585793
0.230458
-0.887069
0.929195
-0.327656
-0.500854
0.982417
-0.783447
0.0417731
0.728837
-0.994573
0.571355
0.247648
-0.895101
0.922507
-0.31088
-0.516097
0.985568
-0.772323
0.0240801
0.740843
-0.992575
0.556737
0.264759
-0.902854
0.91553
-0.294007
-0.531179
0.98841
-0.760957
0.00637954
0.752617
-0.990266
0.541945
0.281788
-0.910323
0.908266
-0.277041
-0.546093
0.990942
-0.749353
-0.011323
0.764155
-0.987647
0.526984
0.298728
-0.917507
0.900717
-0.259989
-0.560837
0.993164
-0.737514
-0.029022
0.775454
-0.984719
0.511857
0.315575
-0.924404
0.892886
-0.242855
-0.575405
0.995075
-0.725443
-0.046712
0.786509
-0.981482
0.496569
0.332323
-0.931011
0.884776
-0.225645
-0.589793
0.996674
-0.713146
-0.0643872
0.797318
-0.977937
0.481126
0.348967
-0.937326
0.876388
-0.208364
-0.603996
0.99796
-0.700625
-0.0820423
0.807878
-0.974086
0.465532
0.365501
-0.943348
0.867725
-0.191018
-0.618009
0.998934
-0.687884
-0.0996717
0.818184
-0.969929
0.449793
0.381921
-0.949073
0.85879
-0.173612
-0.631829
0.999595
-0.674928
-0.11727
0.828233
-0.965469
0.433912
0.398221
-0.954502
0.849587
-0.156152
-0.645451
0.999942
-0.66176
-0.134831
0.838023
-0.960706
0.417895
0.414397
-0.959631
0.840117
-0.138643
-0.658871
0.999976
-0.648385
-0.15235
0.847551
-0.955642
0.401748
0.430442
-0.96446
0.830383
-0.12109
-0.672084
0.999697
-0.634807
-0.169822
0.856813
-0.950279
0.385474
0.446353
-0.968986
0.82039
-0.103499
-0.685086
0.999104
-0.62103
-0.18724
0.865806
-0.944617
0.36908
0.462124
-0.973208
0.810139
-0.0858762
-0.697874
0.998198
-0.607058
-0.2046
0.874528
-0.93866
0.35257
0.47775
-0.977126
0.799635
-0.0682262
-0.710443
0.99698
-0.592896
-0.221895
0.882976
-0.932408
0.33595
0.493226
-0.980737
0.78888
-0.0505549
-0.72279
0.995449
-0.578548
-0.239121
0.891147
-0.925865
0.319224
0.508548
-0.984041
0.777877
-0.0328677
-0.73491
0.993606
-0.564019
-0.256272
0.899039
-0.919031
0.302398
0.52371
-0.987037
0.766631
-0.0151701
-0.7468
0.991452
-0.549313
-0.273342
0.90665
-0.911909
0.285477
0.538708
-0.989723
0.755145
0.00253212
-0.758455
0.988987
-0.534434
-0.290327
0.913976
-0.904501
0.268467
0.553537
-0.9921
0.743422
0.0202336
-0.769873
0.986212
-0.519389
-0.307221
0.921015
-0.89681
0.251373
0.568193
-0.994165
0.731466
0.0379287
-0.78105
0.983128
-0.504181
-0.324019
0.927766
-0.888838
0.2342
0.582671
-0.995919
0.719281
0.055612
-0.791982
0.979736
-0.488814
-0.340715
0.934227
-0.880588
0.216954
0.596966
-0.99736
0.70687
0.0732778
-0.802665
0.976037
-0.473295
-0.357304
0.940394
-0.872061
0.19964
0.611074
-0.998489
0.694238
0.0909206
-0.813098
0.972032
-0.457627
-0.373782
0.946267
-0.863261
0.182263
0.624991
-0.999306
0.681389
0.108535
-0.823275
0.967722
-0.441815
-0.390142
0.951843
-0.854191
0.164829
0.638712
-0.999809
0.668325
0.126115
-0.833194
0.963109
-0.425866
-0.40638
0.957121
-0.844852
0.147343
0.652232
-0.999998
0.655053
0.143656
-0.842853
0.958194
-0.409783
-0.422491
0.962099
-0.835249
0.129812
0.665548
-0.999875
0.641575
0.161152
-0.852247
0.952979
-0.393571
-0.438469
0.966776
-0.825385
0.112239
0.678656
-0.999438
0.627896
0.178597
-0.861374
0.947466
-0.377236
-0.45431
0.971149
-0.815261
0.0946314
0.691551
-0.998687
0.61402
0.195987
-0.870231
0.941655
-0.360783
-0.470008
0.975219
-0.804883
0.0769941
0.704229
-0.997624
0.599952
0.213315
-0.878815
0.935549
-0.344217
-0.485559
0.978982
-0.794252
0.0593327
0.716687
-0.996248
0.585696
0.230576
-0.887124
0.929151
-0.327543
-0.500958
0.982439
-0.783372
0.0416527
0.72892
-0.99456
0.571256
0.247764
-0.895155
0.922461
-0.310766
-0.516201
0.985588
-0.772246
0.0239596
0.740924
-0.99256
0.556637
0.264876
-0.902906
0.915482
-0.293892
-0.531281
0.988428
-0.760879
0.00625897
0.752697
-0.99025
0.541844
0.281904
-0.910373
0.908216
-0.276925
-0.546195
0.990959
-0.749273
-0.0114436
0.764233
-0.987628
0.526881
0.298844
-0.917555
0.900665
-0.259872
-0.560937
0.993178
-0.737432
-0.0291426
0.77553
-0.984698
0.511753
0.31569
-0.92445
0.892832
-0.242738
-0.575504
0.995087
-0.72536
-0.0468324
0.786584
-0.981459
0.496464
0.332437
-0.931055
0.884719
-0.225527
-0.58989
0.996683
-0.713061
-0.0645076
0.797391
-0.977912
0.48102
0.34908
-0.937368
0.876329
-0.208246
-0.604092
0.997968
-0.700539
-0.0821625
0.807949
-0.974059
0.465426
0.365614
-0.943388
0.867665
-0.1909
-0.618104
0.998939
-0.687797
-0.0997917
0.818253
-0.9699
0.449685
0.382033
-0.949111
0.858728
-0.173493
-0.631923
0.999598
-0.674839
-0.11739
0.828301
-0.965438
0.433803
0.398332
-0.954538
0.849523
-0.156033
-0.645543
0.999943
-0.66167
-0.134951
0.838089
-0.960673
0.417786
0.414507
-0.959665
0.840051
-0.138523
-0.658961
0.999975
-0.648293
-0.15247
0.847615
-0.955606
0.401637
0.430551
-0.964491
0.830316
-0.12097
-0.672173
0.999694
-0.634714
-0.169941
0.856875
-0.950241
0.385363
0.446461
-0.969016
0.820321
-0.103379
-0.685174
0.999099
-0.620935
-0.187359
0.865866
-0.944578
0.368968
0.462231
-0.973236
0.810068
-0.0857561
-0.697961
0.998191
-0.606962
-0.204718
0.874587
-0.938618
0.352457
0.477856
-0.977152
0.799562
-0.0681059
-0.710528
0.99697
-0.592799
-0.222013
0.883033
-0.932365
0.335836
0.493331
-0.980761
0.788806
-0.0504344
-0.722873
0.995437
-0.578449
-0.239238
0.891202
-0.925819
0.31911
0.508651
-0.984063
0.777802
-0.0327471
-0.734992
0.993592
-0.563919
-0.256388
0.899092
-0.918983
0.302283
0.523813
-0.987056
0.766554
-0.0150496
-0.74688
0.991436
-0.549212
-0.273458
0.9067
-0.91186
0.285362
0.53881
-0.989741
0.755066
0.0026527
-0.758534
0.988969
-0.534333
-0.290443
0.914025
-0.90445
0.268351
0.553638
-0.992115
0.743341
0.0203541
-0.76995
0.986192
-0.519286
-0.307336
0.921062
-0.896757
0.251257
0.568292
-0.994178
0.731384
0.0380492
-0.781125
0.983106
-0.504076
-0.324133
0.927811
-0.888783
0.234083
0.582769
-0.99593
0.719197
0.0557324
-0.792055
0.979711
-0.488709
-0.340828
0.93427
-0.88053
0.216836
0.597063
-0.997369
0.706785
0.073398
-0.802737
0.97601
-0.473188
-0.357417
0.940435
-0.872002
0.199522
0.61117
-0.998496
0.694151
0.0910407
-0.813168
0.972003
-0.45752
-0.373894
0.946306
-0.8632
0.182144
0.625085
-0.99931
0.6813
0.108655
-0.823343
0.967691
-0.441707
-0.390253
0.95188
-0.854128
0.16471
0.638804
-0.999811
0.668236
0.126235
-0.833261
0.963077
-0.425757
-0.40649
0.957156
-0.844788
0.147224
0.652324
-0.999998
0.654962
0.143775
-0.842918
0.95816
-0.409673
-0.4226
0.962132
-0.835183
0.129692
0.665638
-0.999873
0.641482
0.161271
-0.85231
0.952943
-0.39346
-0.438577
0.966807
-0.825317
0.112119
0.678745
-0.999433
0.627802
0.178716
-0.861435
0.947427
-0.377124
-0.454417
0.971178
-0.815192
0.0945114
0.691638
-0.998681
0.613925
0.196105
-0.87029
0.941615
-0.36067
-0.470115
0.975245
-0.804811
0.0768739
0.704315
-0.997616
0.599855
0.213432
-0.878873
0.935507
-0.344103
-0.485665
0.979007
-0.794178
0.0592123
0.716771
-0.996238
0.585598
0.230693
-0.88718
0.929106
-0.327429
-0.501063
0.982462
-0.783297
0.0415322
0.729002
-0.994548
0.571157
0.247881
-0.895209
0.922414
-0.310651
-0.516304
0.985609
-0.77217
0.023839
0.741005
-0.992546
0.556537
0.264992
-0.902958
0.915433
-0.293776
-0.531383
0.988446
-0.760801
0.00613839
0.752776
-0.990233
0.541743
0.282019
-0.910423
0.908165
-0.27681
-0.546296
0.990975
-0.749193
-0.0115642
0.764311
-0.98761
0.526779
0.298959
-0.917603
0.900613
-0.259756
-0.561037
0.993192
-0.737351
-0.0292631
0.775606
-0.984677
0.511649
0.315804
-0.924496
0.892778
-0.242621
-0.575602
0.995099
-0.725277
-0.0469528
0.786658
-0.981435
0.49636
0.332551
-0.931099
0.884663
-0.22541
-0.589988
0.996693
-0.712977
-0.0646279
0.797464
-0.977887
0.480915
0.349193
-0.93741
0.876271
-0.208128
-0.604188
0.997975
-0.700453
-0.0822827
0.80802
-0.974031
0.465319
0.365726
-0.943428
0.867605
-0.190781
-0.618199
0.998945
-0.687709
-0.0999117
0.818322
-0.969871
0.449577
0.382144
-0.949149
0.858667
-0.173375
-0.632016
0.999601
-0.67475
-0.117509
0.828368
-0.965406
0.433695
0.398443
-0.954574
0.849459
-0.155914
-0.645635
0.999945
-0.661579
-0.13507
0.838155
-0.960639
0.417676
0.414616
-0.959699
0.839986
-0.138404
-0.659052
0.999974
-0.648201
-0.152589
0.847679
-0.955571
0.401527
0.43066
-0.964523
0.830249
-0.120851
-0.672262
0.999691
-0.63462
-0.17006
0.856937
-0.950203
0.385252
0.446569
-0.969045
0.820252
-0.103259
-0.685262
0.999094
-0.620841
-0.187477
0.865927
-0.944538
0.368856
0.462338
-0.973264
0.809998
-0.085636
-0.698047
0.998184
-0.606866
-0.204836
0.874645
-0.938577
0.352344
0.477962
-0.977177
0.79949
-0.0679856
-0.710613
0.996961
-0.592701
-0.22213
0.883089
-0.932321
0.335722
0.493436
-0.980784
0.788731
-0.050314
-0.722957
0.995426
-0.578351
-0.239355
0.891257
-0.925774
0.318995
0.508755
-0.984084
0.777726
-0.0326266
-0.735073
0.993579
-0.563819
-0.256505
0.899145
-0.918936
0.302168
0.523915
-0.987076
0.766476
-0.014929
-0.74696
0.99142
-0.549111
-0.273574
0.906751
-0.91181
0.285246
0.538911
-0.989758
0.754987
0.00277328
-0.758612
0.988951
-0.534231
-0.290558
0.914073
-0.904399
0.268235
0.553738
-0.99213
0.743261
0.0204747
-0.770027
0.986172
-0.519183
-0.307451
0.921109
-0.896704
0.25114
0.568392
-0.994191
0.731302
0.0381697
-0.7812
0.983084
-0.503972
-0.324247
0.927856
-0.888728
0.233966
0.582867
-0.99594
0.719113
0.0558527
-0.792129
0.979687
-0.488604
-0.340942
0.934313
-0.880473
0.216719
0.59716
-0.997378
0.7067
0.0735183
-0.802809
0.975984
-0.473082
-0.35753
0.940476
-0.871943
0.199404
0.611265
-0.998503
0.694065
0.0911608
-0.813238
0.971975
-0.457412
-0.374006
0.946345
-0.863139
0.182026
0.625179
-0.999315
0.681212
0.108775
-0.823412
0.967661
-0.441599
-0.390364
0.951917
-0.854065
0.164591
0.638897
-0.999813
0.668146
0.126355
-0.833328
0.963044
-0.425648
-0.4066
0.957191
-0.844723
0.147105
0.652415
-0.999999
0.654871
0.143895
-0.842982
0.958125
-0.409563
-0.422709
0.962165
-0.835117
0.129572
0.665728
-0.999871
0.64139
0.16139
-0.852373
0.952906
-0.393349
-0.438686
0.966838
-0.825249
0.111999
0.678833
-0.999429
0.627708
0.178835
-0.861496
0.947389
-0.377013
-0.454525
0.971207
-0.815122
0.0943914
0.691725
-0.998675
0.61383
0.196223
-0.87035
0.941574
-0.360558
-0.470221
0.975272
-0.80474
0.0767537
0.7044
-0.997607
0.599759
0.21355
-0.87893
0.935464
-0.34399
-0.48577
0.979032
-0.794105
0.059092
0.716855
-0.996227
0.5855
0.23081
-0.887236
0.929061
-0.327315
-0.501167
0.982484
-0.783222
0.0414117
0.729085
-0.994535
0.571058
0.247998
-0.895263
0.922368
-0.310537
-0.516407
0.985629
-0.772093
0.0237185
0.741086
-0.992531
0.556437
0.265108
-0.903009
0.915384
-0.293661
-0.531485
0.988465
-0.760722
0.00601782
0.752855
-0.990216
0.541641
0.282135
-0.910473
0.908115
-0.276694
-0.546396
0.990991
-0.749113
-0.0116847
0.764388
-0.987591
0.526676
0.299074
-0.917651
0.90056
-0.25964
-0.561137
0.993206
-0.737269
-0.0293836
0.775682
-0.984656
0.511546
0.315918
-0.924542
0.892723
-0.242504
-0.575701
0.995111
-0.725194
-0.0470733
0.786733
-0.981412
0.496255
0.332664
-0.931143
0.884607
-0.225292
-0.590085
0.996703
-0.712892
-0.0647482
0.797537
-0.977861
0.480809
0.349306
-0.937452
0.876213
-0.20801
-0.604284
0.997983
-0.700367
-0.0824029
0.808091
-0.974004
0.465212
0.365838
-0.943468
0.867545
-0.190663
-0.618294
0.99895
-0.687622
-0.100032
0.818392
-0.969841
0.449469
0.382256
-0.949187
0.858605
-0.173256
-0.63211
0.999605
-0.674661
-0.117629
0.828436
-0.965375
0.433586
0.398553
-0.95461
0.849396
-0.155795
-0.645727
0.999946
-0.661489
-0.13519
0.838221
-0.960606
0.417567
0.414726
-0.959733
0.83992
-0.138284
-0.659143
0.999973
-0.64811
-0.152708
0.847743
-0.955535
0.401416
0.430769
-0.964555
0.830182
-0.120731
-0.672352
0.999688
-0.634527
-0.170178
0.856999
-0.950166
0.38514
0.446677
-0.969075
0.820183
-0.103139
-0.68535
0.999089
-0.620746
-0.187595
0.865987
-0.944498
0.368744
0.462444
-0.973291
0.809927
-0.0855158
-0.698133
0.998177
-0.60677
-0.204954
0.874703
-0.938535
0.352231
0.478067
-0.977203
0.799417
-0.0678653
-0.710698
0.996952
-0.592604
-0.222248
0.883146
-0.932278
0.335609
0.493541
-0.980808
0.788657
-0.0501936
-0.72304
0.995414
-0.578253
-0.239472
0.891311
-0.925728
0.318881
0.508859
-0.984106
0.77765
-0.0325061
-0.735155
0.993565
-0.56372
-0.256621
0.899198
-0.918888
0.302053
0.524018
-0.987095
0.766399
-0.0148085
-0.74704
0.991404
-0.54901
-0.27369
0.906802
-0.91176
0.285131
0.539013
-0.989775
0.754908
0.00289385
-0.758691
0.988933
-0.534129
-0.290673
0.914122
-0.904347
0.268119
0.553838
-0.992145
0.74318
0.0205953
-0.770104
0.986152
-0.51908
-0.307565
0.921156
-0.89665
0.251023
0.568491
-0.994204
0.731219
0.0382902
-0.781276
0.983061
-0.503868
-0.324361
0.927901
-0.888672
0.233849
0.582965
-0.995951
0.71903
0.0559731
-0.792203
0.979663
-0.488499
-0.341055
0.934356
-0.880416
0.216601
0.597256
-0.997387
0.706614
0.0736385
-0.802881
0.975958
-0.472976
-0.357642
0.940517
-0.871884
0.199285
0.611361
-0.998509
0.693978
0.0912809
-0.813308
0.971946
-0.457305
-0.374117
0.946384
-0.863078
0.181907
0.625273
-0.999319
0.681124
0.108895
-0.82348
0.967631
-0.441491
-0.390475
0.951954
-0.854002
0.164472
0.63899
-0.999816
0.668056
0.126474
-0.833394
0.963012
-0.425538
-0.406711
0.957226
-0.844659
0.146986
0.652506
-0.999999
0.654779
0.144014
-0.843047
0.958091
-0.409453
-0.422819
0.962198
-0.835051
0.129453
0.665818
-0.999869
0.641297
0.161509
-0.852436
0.95287
-0.393238
-0.438794
0.966868
-0.825181
0.11188
0.678922
-0.999425
0.627614
0.178953
-0.861557
0.94735
-0.376901
-0.454632
0.971236
-0.815052
0.0942713
0.691812
-0.998669
0.613735
0.196341
-0.870409
0.941533
-0.360445
-0.470328
0.975299
-0.804668
0.0766335
0.704486
-0.997599
0.599662
0.213668
-0.878988
0.935422
-0.343877
-0.485876
0.979056
-0.794032
0.0589716
0.716939
-0.996217
0.585403
0.230928
-0.887291
0.929017
-0.327201
-0.501272
0.982507
-0.783147
0.0412912
0.729167
-0.994522
0.570959
0.248115
-0.895316
0.922321
-0.310422
-0.51651
0.985649
-0.772016
0.0235979
0.741167
-0.992516
0.556337
0.265224
-0.903061
0.915336
-0.293546
-0.531587
0.988483
-0.760644
0.00589724
0.752935
-0.990199
0.54154
0.282251
-0.910523
0.908064
-0.276578
-0.546497
0.991007
-0.749033
-0.0118053
0.764466
-0.987572
0.526574
0.299189
-0.917699
0.900508
-0.259523
-0.561237
0.99322
-0.737188
-0.0295041
0.775758
-0.984635
0.511442
0.316033
-0.924588
0.892669
-0.242387
-0.5758
0.995123
-0.725111
-0.0471937
0.786807
-0.981389
0.49615
0.332778
-0.931187
0.884551
-0.225175
-0.590182
0.996713
-0.712808
-0.0648685
0.797609
-0.977836
0.480703
0.349419
-0.937494
0.876155
-0.207892
-0.60438
0.997991
-0.700281
-0.082523
0.808162
-0.973977
0.465105
0.36595
-0.943508
0.867485
-0.190545
-0.618388
0.998956
-0.687534
-0.100152
0.818461
-0.969812
0.449362
0.382367
-0.949225
0.858543
-0.173137
-0.632203
0.999608
-0.674572
-0.117749
0.828504
-0.965343
0.433477
0.398664
-0.954645
0.849332
-0.155675
-0.645819
0.999947
-0.661399
-0.135309
0.838286
-0.960572
0.417457
0.414836
-0.959767
0.839855
-0.138165
-0.659234
0.999973
-0.648018
-0.152827
0.847807
-0.9555
0.401306
0.430878
-0.964587
0.830114
-0.120611
-0.672441
0.999685
-0.634434
-0.170297
0.857061
-0.950128
0.385029
0.446785
-0.969105
0.820114
-0.10302
-0.685438
0.999084
-0.620651
-0.187714
0.866047
-0.944459
0.368632
0.462551
-0.973319
0.809856
-0.0853957
-0.69822
0.998169
-0.606674
-0.205072
0.874762
-0.938493
0.352119
0.478173
-0.977228
0.799345
-0.067745
-0.710783
0.996942
-0.592507
-0.222365
0.883202
-0.932234
0.335495
0.493645
-0.980832
0.788583
-0.0500732
-0.723123
0.995403
-0.578154
-0.239589
0.891366
-0.925682
0.318767
0.508963
-0.984127
0.777574
-0.0323856
-0.735237
0.993551
-0.56362
-0.256738
0.89925
-0.918841
0.301938
0.524121
-0.987114
0.766322
-0.0146879
-0.74712
0.991389
-0.548909
-0.273806
0.906853
-0.911711
0.285015
0.539114
-0.989792
0.754829
0.00301443
-0.758769
0.988915
-0.534027
-0.290789
0.914171
-0.904296
0.268003
0.553939
-0.99216
0.743099
0.0207158
-0.770181
0.986132
-0.518977
-0.30768
0.921203
-0.896597
0.250906
0.56859
-0.994217
0.731137
0.0384107
-0.781351
0.983039
-0.503764
-0.324475
0.927946
-0.888617
0.233732
0.583063
-0.995962
0.718946
0.0560935
-0.792276
0.979639
-0.488393
-0.341169
0.934399
-0.880359
0.216483
0.597353
-0.997395
0.706529
0.0737588
-0.802953
0.975931
-0.47287
-0.357755
0.940558
-0.871825
0.199167
0.611456
-0.998516
0.693891
0.0914009
-0.813378
0.971918
-0.457198
-0.374229
0.946423
-0.863017
0.181789
0.625367
-0.999323
0.681035
0.109014
-0.823549
0.9676
-0.441383
-0.390586
0.951991
-0.85394
0.164353
0.639083
-0.999818
0.667967
0.126594
-0.833461
0.962979
-0.425429
-0.406821
0.957261
-0.844594
0.146866
0.652598
-0.999999
0.654688
0.144133
-0.843112
0.958056
-0.409343
-0.422928
0.962231
-0.834984
0.129333
0.665908
-0.999867
0.641205
0.161628
-0.852499
0.952833
-0.393128
-0.438902
0.966899
-0.825112
0.11176
0.67901
-0.999421
0.62752
0.179072
-0.861619
0.947311
-0.376789
-0.454739
0.971264
-0.814982
0.0941513
0.691899
-0.998662
0.613639
0.19646
-0.870468
0.941493
-0.360333
-0.470434
0.975325
-0.804596
0.0765132
0.704572
-0.997591
0.599566
0.213786
-0.879045
0.935379
-0.343764
-0.485981
0.979081
-0.793959
0.0588512
0.717023
-0.996206
0.585305
0.231045
-0.887347
0.928972
-0.327087
-0.501376
0.982529
-0.783072
0.0411708
0.72925
-0.99451
0.57086
0.248232
-0.89537
0.922274
-0.310307
-0.516614
0.98567
-0.77194
0.0234774
0.741248
-0.992502
0.556237
0.265341
-0.903113
0.915287
-0.293431
-0.531689
0.988501
-0.760566
0.00577667
0.753014
-0.990182
0.541439
0.282366
-0.910573
0.908014
-0.276462
-0.546598
0.991023
-0.748953
-0.0119259
0.764544
-0.987553
0.526471
0.299304
-0.917747
0.900455
-0.259407
-0.561336
0.993234
-0.737106
-0.0296247
0.775834
-0.984614
0.511339
0.316147
-0.924634
0.892615
-0.24227
-0.575898
0.995134
-0.725028
-0.0473142
0.786882
-0.981366
0.496046
0.332892
-0.931231
0.884494
-0.225057
-0.59028
0.996723
-0.712723
-0.0649889
0.797682
-0.977811
0.480597
0.349532
-0.937536
0.876097
-0.207774
-0.604476
0.997998
-0.700194
-0.0826432
0.808233
-0.973949
0.464999
0.366062
-0.943547
0.867425
-0.190426
-0.618483
0.998962
-0.687446
-0.100272
0.81853
-0.969782
0.449254
0.382478
-0.949263
0.858481
-0.173018
-0.632296
0.999612
-0.674483
-0.117869
0.828571
-0.965312
0.433369
0.398774
-0.954681
0.849268
-0.155556
-0.645912
0.999948
-0.661308
-0.135429
0.838352
-0.960539
0.417348
0.414945
-0.9598
0.839789
-0.138046
-0.659324
0.999972
-0.647926
-0.152946
0.847871
-0.955464
0.401196
0.430986
-0.964619
0.830047
-0.120491
-0.67253
0.999682
-0.634341
-0.170416
0.857123
-0.950091
0.384918
0.446892
-0.969135
0.820045
-0.1029
-0.685526
0.999078
-0.620557
-0.187832
0.866108
-0.944419
0.36852
0.462658
-0.973347
0.809786
-0.0852755
-0.698306
0.998162
-0.606579
-0.20519
0.87482
-0.938452
0.352006
0.478279
-0.977254
0.799273
-0.0676247
-0.710868
0.996933
-0.59241
-0.222483
0.883259
-0.93219
0.335382
0.49375
-0.980855
0.788509
-0.0499527
-0.723206
0.995391
-0.578056
-0.239706
0.891421
-0.925637
0.318652
0.509067
-0.984149
0.777498
-0.0322651
-0.735319
0.993538
-0.563521
-0.256854
0.899303
-0.918793
0.301823
0.524223
-0.987134
0.766244
-0.0145673
-0.7472
0.991373
-0.548809
-0.273922
0.906904
-0.911661
0.2849
0.539216
-0.98981
0.75475
0.00313501
-0.758848
0.988897
-0.533925
-0.290904
0.91422
-0.904244
0.267887
0.554039
-0.992175
0.743019
0.0208364
-0.770258
0.986112
-0.518874
-0.307795
0.92125
-0.896543
0.25079
0.568689
-0.99423
0.731055
0.0385312
-0.781426
0.983017
-0.50366
-0.324589
0.927991
-0.888562
0.233614
0.583161
-0.995973
0.718862
0.0562139
-0.79235
0.979615
-0.488288
-0.341282
0.934442
-0.880302
0.216366
0.59745
-0.997404
0.706444
0.073879
-0.803025
0.975905
-0.472763
-0.357867
0.940599
-0.871766
0.199049
0.611551
-0.998522
0.693804
0.091521
-0.813448
0.97189
-0.457091
-0.374341
0.946462
-0.862956
0.18167
0.625461
-0.999328
0.680947
0.109134
-0.823617
0.96757
-0.441275
-0.390697
0.952028
-0.853877
0.164234
0.639175
-0.99982
0.667877
0.126713
-0.833528
0.962947
-0.42532
-0.406931
0.957296
-0.84453
0.146747
0.652689
-0.999999
0.654597
0.144253
-0.843177
0.958022
-0.409233
-0.423037
0.962264
-0.834918
0.129214
0.665998
-0.999865
0.641112
0.161747
-0.852562
0.952796
-0.393017
-0.439011
0.96693
-0.825044
0.11164
0.679099
-0.999417
0.627427
0.17919
-0.86168
0.947273
-0.376678
-0.454847
0.971293
-0.814912
0.0940312
0.691986
-0.998656
0.613544
0.196578
-0.870528
0.941452
-0.360221
-0.47054
0.975352
-0.804525
0.076393
0.704657
-0.997582
0.599469
0.213903
-0.879103
0.935336
-0.343651
-0.486086
0.979105
-0.793885
0.0587309
0.717107
-0.996196
0.585207
0.231162
-0.887402
0.928928
-0.326973
-0.50148
0.982551
-0.782997
0.0410503
0.729332
-0.994497
0.570761
0.248348
-0.895424
0.922228
-0.310193
-0.516717
0.98569
-0.771863
0.0233568
0.741329
-0.992487
0.556136
0.265457
-0.903165
0.915239
-0.293315
-0.531791
0.988519
-0.760487
0.00565609
0.753093
-0.990165
0.541337
0.282482
-0.910622
0.907963
-0.276346
-0.546699
0.991039
-0.748874
-0.0120464
0.764622
-0.987534
0.526369
0.299419
-0.917795
0.900403
-0.25929
-0.561436
0.993248
-0.737025
-0.0297452
0.77591
-0.984593
0.511235
0.316262
-0.92468
0.89256
-0.242153
-0.575997
0.995146
-0.724945
-0.0474346
0.786956
-0.981343
0.495941
0.333005
-0.931275
0.884438
-0.22494
-0.590377
0.996732
-0.712638
-0.0651092
0.797755
-0.977786
0.480492
0.349645
-0.937578
0.876039
-0.207656
-0.604572
0.998006
-0.700108
-0.0827633
0.808304
-0.973922
0.464892
0.366175
-0.943587
0.867365
-0.190308
-0.618578
0.998967
-0.687359
-0.100392
0.818599
-0.969753
0.449146
0.38259
-0.949301
0.858419
-0.1729
-0.63239
0.999615
-0.674394
-0.117988
0.828639
-0.96528
0.43326
0.398885
-0.954717
0.849205
-0.155437
-0.646004
0.999949
-0.661218
-0.135548
0.838418
-0.960505
0.417238
0.415055
-0.959834
0.839724
-0.137926
-0.659415
0.999971
-0.647834
-0.153065
0.847935
-0.955429
0.401085
0.431095
-0.96465
0.82998
-0.120372
-0.672619
0.999679
-0.634248
-0.170535
0.857186
-0.950053
0.384807
0.447
-0.969164
0.819976
-0.10278
-0.685613
0.999073
-0.620462
-0.187951
0.866168
-0.94438
0.368407
0.462765
-0.973374
0.809715
-0.0851554
-0.698392
0.998155
-0.606483
-0.205308
0.874879
-0.93841
0.351893
0.478385
-0.97728
0.7992
-0.0675044
-0.710952
0.996923
-0.592313
-0.2226
0.883315
-0.932147
0.335268
0.493855
-0.980878
0.788435
-0.0498323
-0.72329
0.99538
-0.577957
-0.239823
0.891475
-0.925591
0.318538
0.50917
-0.98417
0.777422
-0.0321446
-0.7354
0.993524
-0.563421
-0.256971
0.899356
-0.918745
0.301708
0.524326
-0.987153
0.766167
-0.0144468
-0.74728
0.991357
-0.548708
-0.274038
0.906955
-0.911612
0.284784
0.539317
-0.989827
0.75467
0.00325558
-0.758926
0.988879
-0.533823
-0.29102
0.914269
-0.904193
0.267771
0.55414
-0.99219
0.742938
0.0209569
-0.770335
0.986092
-0.518771
-0.30791
0.921297
-0.89649
0.250673
0.568788
-0.994243
0.730973
0.0386517
-0.781501
0.982995
-0.503556
-0.324703
0.928036
-0.888506
0.233497
0.583259
-0.995984
0.718778
0.0563343
-0.792423
0.97959
-0.488183
-0.341395
0.934484
-0.880244
0.216248
0.597546
-0.997413
0.706358
0.0739993
-0.803097
0.975879
-0.472657
-0.35798
0.94064
-0.871707
0.198931
0.611647
-0.998529
0.693717
0.0916411
-0.813519
0.971861
-0.456983
-0.374453
0.946501
-0.862896
0.181552
0.625555
-0.999332
0.680859
0.109254
-0.823685
0.967539
-0.441166
-0.390808
0.952065
-0.853814
0.164115
0.639268
-0.999822
0.667787
0.126833
-0.833594
0.962914
-0.425211
-0.407041
0.957331
-0.844465
0.146628
0.65278
-0.999999
0.654506
0.144372
-0.843242
0.957987
-0.409123
-0.423146
0.962296
-0.834851
0.129094
0.666088
-0.999863
0.64102
0.161866
-0.852625
0.95276
-0.392906
-0.439119
0.966961
-0.824976
0.11152
0.679187
-0.999413
0.627333
0.179309
-0.861741
0.947234
-0.376566
-0.454954
0.971322
-0.814842
0.0939112
0.692073
-0.99865
0.613449
0.196696
-0.870587
0.941411
-0.360108
-0.470647
0.975379
-0.804453
0.0762728
0.704743
-0.997574
0.599373
0.214021
-0.87916
0.935294
-0.343537
-0.486192
0.97913
-0.793812
0.0586105
0.717191
-0.996185
0.585109
0.23128
-0.887458
0.928883
-0.326859
-0.501585
0.982574
-0.782922
0.0409298
0.729415
-0.994484
0.570662
0.248465
-0.895478
0.922181
-0.310078
-0.51682
0.98571
-0.771786
0.0232363
0.74141
-0.992472
0.556036
0.265573
-0.903216
0.91519
-0.2932
-0.531894
0.988538
-0.760409
0.00553552
0.753173
-0.990149
0.541236
0.282598
-0.910672
0.907913
-0.27623
-0.5468
0.991055
-0.748794
-0.012167
0.764699
-0.987515
0.526266
0.299534
-0.917843
0.90035
-0.259174
-0.561536
0.993262
-0.736943
-0.0298657
0.775986
-0.984571
0.511131
0.316376
-0.924726
0.892506
-0.242036
-0.576095
0.995158
-0.724862
-0.0475551
0.78703
-0.98132
0.495836
0.333119
-0.931319
0.884382
-0.224823
-0.590474
0.996742
-0.712554
-0.0652295
0.797828
-0.97776
0.480386
0.349758
-0.93762
0.875981
-0.207539
-0.604668
0.998014
-0.700022
-0.0828835
0.808375
-0.973895
0.464785
0.366287
-0.943627
0.867305
-0.19019
-0.618673
0.998972
-0.687271
-0.100512
0.818669
-0.969724
0.449039
0.382701
-0.949339
0.858358
-0.172781
-0.632483
0.999618
-0.674305
-0.118108
0.828706
-0.965249
0.433151
0.398996
-0.954753
0.849141
-0.155318
-0.646096
0.999951
-0.661127
-0.135668
0.838484
-0.960471
0.417128
0.415165
-0.959868
0.839658
-0.137807
-0.659505
0.99997
-0.647742
-0.153185
0.847999
-0.955393
0.400975
0.431204
-0.964682
0.829913
-0.120252
-0.672709
0.999676
-0.634154
-0.170654
0.857248
-0.950015
0.384695
0.447108
-0.969194
0.819907
-0.10266
-0.685701
0.999068
-0.620368
-0.188069
0.866228
-0.94434
0.368295
0.462872
-0.973402
0.809644
-0.0850353
-0.698479
0.998147
-0.606387
-0.205426
0.874937
-0.938368
0.35178
0.478491
-0.977305
0.799128
-0.0673841
-0.711037
0.996914
-0.592216
-0.222718
0.883372
-0.932103
0.335154
0.49396
-0.980902
0.788361
-0.0497119
-0.723373
0.995368
-0.577859
-0.23994
0.89153
-0.925545
0.318424
0.509274
-0.984191
0.777347
-0.0320241
-0.735482
0.99351
-0.563321
-0.257088
0.899409
-0.918698
0.301593
0.524429
-0.987172
0.766089
-0.0143262
-0.747361
0.991341
-0.548607
-0.274154
0.907005
-0.911562
0.284668
0.539419
-0.989844
0.754591
0.00337616
-0.759005
0.988861
-0.533721
-0.291135
0.914318
-0.904141
0.267654
0.55424
-0.992205
0.742857
0.0210775
-0.770412
0.986072
-0.518667
-0.308024
0.921344
-0.896437
0.250556
0.568887
-0.994256
0.73089
0.0387721
-0.781577
0.982973
-0.503451
-0.324817
0.928081
-0.888451
0.23338
0.583357
-0.995995
0.718694
0.0564547
-0.792497
0.979566
-0.488078
-0.341509
0.934527
-0.880187
0.21613
0.597643
-0.997421
0.706273
0.0741195
-0.803169
0.975852
-0.472551
-0.358093
0.940681
-0.871647
0.198813
0.611742
-0.998535
0.69363
0.0917612
-0.813589
0.971833
-0.456876
-0.374565
