0	32197.2
0.714286	-2634.06
1.42857	-10888.3
2.14286	2227.5
2.85714	-1506.41
3.57143	5186.11
4.28571	5953.97
5	-10488.6
5.71429	-3091.47
6.42857	9144.63
7.14286	-196.336
7.85714	-2349.17
8.57143	-394.988
9.28571	-3697.56
10	4094.62
10.7143	5028.36
11.4286	-6219.28
12.1429	-2445.61
12.8571	4124.58
13.5714	167.937
14.2857	694.889
15	-662.823
15.7143	-4135.88
16.4286	2838.82
17.1429	4035.95
17.8571	-3522.45
18.5714	-1615.11
19.2857	1386.3
20	-63.653
20.7143	2009.99
21.4286	-358.334
22.1429	-3790.13
22.8571	1704.02
23.5714	2918.7
24.2857	-1731.29
25	-751.43
25.7143	-108.597
26.4286	-450.342
27.1429	2370.53
27.8571	37.1831
28.5714	-3052.7
29.2857	853.343
30	1825.49
30.7143	-629.645
31.4286	-1.73488
32.1429	-799.249
32.8571	-777.333
33.5714	2187.8
34.2857	326.999
35	-2184.62
35.7143	319.687
36.4286	883.351
37.1429	-45.2811
37.8571	545.36
38.5714	-981.848
39.2857	-952.659
40	1742.14
40.7143	452.034
41.4286	-1360.49
42.1429	59.6858
42.8571	166.053
43.5714	184.168
44.2857	861.712
45	-878.719
45.7143	-961.825
46.4286	1223.38
47.1429	427.025
47.8571	-682.476
48.5714	-4.89479
49.2857	-306.103
50	202.332
50.7143	968.07
51.4286	-652.944
52.1429	-837.142
52.8571	749.704
53.5714	301.046
54.2857	-192.418
55	42.2279
55.7143	-554.799
56.4286	121.79
57.1429	914.432
57.8571	-411.778
58.5714	-632.673
59.2857	382.005
60	130.974
60.7143	113.155
61.4286	131.43
62.1429	-628.718
62.8571	19.6922
63.5714	758.51
64.2857	-213.096
65	-399.739
65.7143	135.496
66.4286	-33.9622
67.1429	260.703
67.8571	211.697
68.5714	-577.947
69.2857	-59.1769
70	553.282
70.7143	-79.5468
71.4286	-179.541
72.1429	-2.94176
72.8571	-163.96
73.5714	297.228
74.2857	258.774
75	-463.585
75.7143	-97.5917
76.4286	350.763
77.1429	-11.4734
77.8571	-5.74148
78.5714	-57.08
79.2857	-241.399
80	264.231
80.7143	263.792
81.4286	-326.232
82.1429	-95.7796
82.8571	175.651
83.5714	7.04895
84.2857	114.612
85	-59.0448
85.7143	-268.876
86.4286	200.396
87.1429	234.002
87.8571	-199.121
88.5714	-66.0338
89.2857	47.0884
90	-4.83825
90.7143	178.153
91.4286	-34.4036
92.1429	-253.066
92.8571	131.11
93.5714	180.123
94.2857	-97.4143
95	-22.1062
95.7143	-34.423
96.4286	-28.8616
97.1429	195.584
97.8571	-3.87635
98.5714	-209.139
99.2857	73.2962
100	116.764
100.714	-27.6839
101.429	22.6944
102.143	-74.9463
102.857	-51.8468
103.571	180.947
104.286	20.465
105	-151.819
105.714	33.8007
106.429	56.1225
107.143	11.9845
107.857	58.9263
108.571	-84.6834
109.286	-66.2822
110	148.436
110.714	33.5773
111.429	-94.2728
112.143	12.9272
112.857	6.91156
113.571	27.9717
114.286	81.6748
115	-74.688
115.714	-69.08
116.429	108.778
117.143	35.1435
117.857	-44.9983
118.571	6.50416
119.286	-26.4848
120	28.3991
120.714	89.8848
121.429	-55.5688
122.143	-62.2897
122.857	72.599
123.571	28.8062
124.286	-8.41873
125	9.20714
125.714	-45.3733
126.429	21.4634
127.143	88.7061
127.857	-36.1894
128.571	-50.3416
129.286	43.6639
130	16.9405
130.714	19.9697
131.429	17.4992
132.143	-58.8189
132.857	12.4214
133.571	77.9145
134.286	-16.2102
135	-27.4434
135.714	17.5757
136.429	2.04149
137.143	33.0368
137.857	24.369
138.571	-51.7668
139.286	3.53728
140	58.121
140.714	-3.08024
141.429	-10.3247
142.143	5.48247
142.857	-9.42593
143.571	37.695
144.286	29.8613
145	-39.5279
145.714	-0.596147
146.429	41.0631
147.143	4.81917
147.857	5.98431
148.571	0.582455
149.286	-14.9981
150	33.639
150.714	31.3304
151.429	-28.1499
152.143	-2.11032
152.857	25.4046
153.571	7.27412
154.286	16.0198
155	0.215372
155.714	-18.3567
156.429	28.3248
157.143	30.2367
157.857	-16.3473
158.571	-0.767515
159.286	15.5981
160	7.30104
160.714	21.5187
161.429	2.8317
162.143	-17.3492
162.857	22.285
163.571	27.7727
164.286	-7.49033
165	1.94199
165.714	8.28792
166.429	5.78077
167.143	23.3454
167.857	5.75264
168.571	-15.448
169.286	17.4298
170	25.2599
170.714	-1.89266
171.429	4.01866
172.143	5.59339
172.857	4.32467
173.571	23.5964
174.286	8.56726
175	-13.3829
175.714	13.6504
176.429	22.298
177.143	2.42738
177.857	6.19048
178.571	4.89255
179.286	3.45713
180	22.219
180.714	10.985
181.429	-13.2891
182.143	11.1797
182.857	19.8991
183.571	5.28732
184.286	8.69584
185	4.61745
185.714	3.36543
186.429	19.0754
187.143	12.2957
187.857	-8.71463
188.571	9.40667
189.286	24.3768
190	4.10555
190.714	3.81539
191.429	6.9842
192.143	1.29251
192.857	24.8054
193.571	18.137
194.286	-17.2659
195	7.07445
195.714	29.1981
196.429	5.97624
197.143	8.00989
197.857	3.43127
198.571	-6.62212
199.286	31.9862
200	25.8061
200.714	-22.0547
201.429	3.85873
202.143	27.4399
202.857	8.64146
203.571	18.1987
204.286	-0.560176
205	-18.6639
205.714	38.1084
206.429	34.6935
207.143	-23.2438
207.857	1.50078
208.571	20.8439
209.286	9.84618
210	34.2222
210.714	-2.88788
211.429	-34.2206
212.143	42.313
212.857	43.7975
213.571	-20.2871
214.286	2.30513
215	6.97583
215.714	7.24573
216.429	56.3845
217.143	-1.85304
217.857	-51.6491
218.571	42.3277
219.286	49.3966
220	-11.0125
220.714	9.64485
221.429	-13.471
222.143	-1.59538
222.857	82.4197
223.571	4.34931
224.286	-66.3879
225	37.006
225.714	46.0678
226.429	5.20489
227.143	27.8676
227.857	-39.6055
228.571	-18.6238
229.286	108.607
230	15.8174
230.714	-72.4212
231.429	27.4627
232.143	28.3853
232.857	26.1604
233.571	60.2934
234.286	-67.8431
235	-44.0707
235.714	129.394
236.429	30.1933
237.143	-63.004
237.857	17.2386
238.571	-9.19172
239.286	47.6696
240	108.644
240.714	-92.8146
241.429	-75.6116
242.143	138.845
242.857	42.358
243.571	-32.8078
244.286	12.9632
245	-68.5552
245.714	62.6063
246.429	168.809
247.143	-105.453
247.857	-103.22
248.571	125.836
249.286	41.4501
250	26.2673
250.714	23.0725
251.429	-150.125
252.143	64.918
252.857	234.377
253.571	-102.113
254.286	-116.537
255	90.3223
255.714	16.2623
256.429	110.105
257.143	56.8765
257.857	-244.158
258.571	48.4196
259.286	288.356
260	-78.0696
260.714	-95.1135
261.429	28.7914
262.143	-50.2626
262.857	219.649
263.571	123.14
264.286	-342.89
265	13.4604
265.714	313.276
266.429	-37.7833
267.143	-18.1266
267.857	-50.4525
268.571	-169.836
269.286	336.222
270	221.677
270.714	-416.663
271.429	-32.4016
272.143	278.337
272.857	6.86015
273.571	135.901
274.286	-131.043
275	-348.56
275.714	440.075
276.429	341.761
277.143	-438.327
277.857	-66.1785
278.571	154.159
279.286	32.1164
280	385.423
280.714	-190.233
281.429	-579.922
282.143	505.807
282.857	454.28
283.571	-377.244
284.286	-47.7827
285	-84.0115
285.714	2.64944
286.429	737.323
287.143	-199.253
287.857	-836.18
288.571	507.67
289.286	505.363
290	-205.038
290.714	84.1829
291.429	-454.31
292.143	-126.204
292.857	1178.12
293.571	-130.451
294.286	-1057.93
295	428.715
295.714	407.438
296.429	99.2289
297.143	417.393
297.857	-960.445
298.571	-401.992
299.286	1674.1
300	30.641
300.714	-1141.66
301.429	274.393
302.143	23.4489
302.857	547.678
303.571	1081.81
304.286	-1596.96
305	-870.127
305.714	2172.59
306.429	271.413
307.143	-903.602
307.857	95.2247
308.571	-901.113
309.286	1182.05
310	2361.57
310.714	-2410.04
311.429	-1603.26
312.143	2685.88
312.857	551.616
313.571	179.841
314.286	57.5745
315	-3764.44
315.714	2780.58
316.429	6364.82
317.143	-3493.93
317.857	-595.059
318.571	-2824.81
319.286	-1963.66
320	5507.69
320.714	-4.50157
321.429	-6089.7
322.143	1277.38
322.857	3229.32
323.571	-1369.54
324.286	-505.266
325	-855.33
325.714	-1059.66
326.429	2579.8
327.143	392.738
327.857	-2923.04
328.571	294.152
329.286	1242.89
330	-256.73
330.714	368.339
331.429	-1019.58
332.143	-1107.29
332.857	1820.63
333.571	493.493
334.286	-1635.01
335	-5.13861
335.714	285.208
336.429	77.4995
337.143	755.556
337.857	-880.716
338.571	-1041.77
339.286	1200.01
340	437.758
340.714	-810.392
341.429	-59.1518
342.143	-244.606
342.857	123.511
343.571	868.082
344.286	-636.886
345	-871.615
345.714	701.829
346.429	294.973
347.143	-278.317
347.857	-2.30978
348.571	-498.143
349.286	59.7079
350	811.665
350.714	-396.281
351.429	-645.021
352.143	340.518
352.857	123.22
353.571	32.4057
354.286	87.147
355	-567.109
355.714	-25.4706
356.429	660.2
357.143	-208.529
357.857	-410.031
358.571	109.96
359.286	-34.1993
360	180.763
360.714	163.985
361.429	-521.446
362.143	-88.8595
362.857	472.596
363.571	-87.6275
364.286	-200.854
365	-13.9997
365.714	-152.251
366.429	220.026
367.143	206.687
367.857	-417.209
368.571	-115.937
369.286	290.464
370	-27.4464
370.714	-38.6293
371.429	-61.2294
372.143	-220.697
372.857	195.288
373.571	210.119
374.286	-294.812
375	-108.586
375.714	138.906
376.429	-11.4567
377.143	66.4653
377.857	-61.0404
378.571	-239.67
379.286	142.099
380	182.162
380.714	-183.742
381.429	-78.668
382.143	29.7012
382.857	-20.9018
383.571	121.672
384.286	-39.7742
385	-222.319
385.714	85.4845
386.429	133.699
387.143	-95.5834
387.857	-37.0339
388.571	-40.541
389.286	-40.8325
390	140.013
390.714	-14.5928
391.429	-184.809
392.143	40.2806
392.857	80.7294
393.571	-37.7184
394.286	1.88832
395	-72.1869
395.714	-58.0247
396.429	126.461
397.143	4.73828
397.857	-134.064
398.571	9.94477
399.286	29.5902
400	-4.80899
400.714	33.274
401.429	-79.3222
402.143	-68.0854
402.857	100.071
403.571	14.3761
404.286	-86.0938
405	-4.806
405.714	-9.17288
406.429	7.46549
407.143	50.4471
407.857	-69.0555
408.571	-67.2327
409.286	67.0279
410	14.0724
410.714	-44.0371
411.429	-8.17467
412.143	-36.0561
412.857	7.9822
413.571	56.1967
414.286	-52.4413
415	-58.3572
415.714	37.0539
416.429	7.02192
417.143	-13.3114
417.857	-4.48148
418.571	-49.4376
419.286	2.38594
420	51.7624
420.714	-35.3042
421.429	-44.5344
422.143	14.0655
422.857	-2.91704
423.571	5.57031
424.286	1.72659
425	-51.478
425.714	-4.29933
426.429	40.624
427.143	-21.2439
427.857	-28.8874
428.571	-0.991141
429.286	-12.2491
430	13.7786
430.714	6.90031
431.429	-45.5377
432.143	-9.21539
432.857	26.489
433.571	-11.6942
434.286	-13.7852
435	-9.3721
435.714	-19.768
436.429	15.2137
437.143	9.58615
437.857	-35.2198
438.571	-10.928
439.286	11.2126
440	-6.71865
440.714	-1.27059
441.429	-11.9787
442.143	-22.9075
442.857	10.8774
443.571	7.87459
444.286	-21.7915
445	-9.18127
445.714	-1.25226
446.429	-5.57317
447.143	1.75536
447.857	-8.81675
448.571	-17.8035
449.286	4.35793
450	6.20666
450.714	-17.5438
451.429	-9.25201
452.143	-2.51194
452.857	-5.83533
453.571	4.50434
454.286	-7.64403
455	-18.0701
455.714	1.87057
456.429	4.07219
457.143	-11.4024
457.857	-6.21206
458.571	-8.37513
459.286	-7.10077
460	3.80888
460.714	-6.31291
461.429	-16.8895
462.143	-0.906392
462.857	0.822169
463.571	-7.26994
464.286	-4.56072
465	-8.35052
465.714	-7.53577
466.429	5.64472
467.143	-4.22042
467.857	-12.2677
468.571	-2.69398
469.286	-1.57885
470	-5.02085
470.714	-2.71991
471.429	-8.717
472.143	-7.87622
472.857	3.53967
473.571	-3.31041
474.286	-10.0342
475	-3.61458
475.714	-3.4227
476.429	-3.85873
477.143	-1.86992
477.857	-7.80033
478.571	-7.49081
479.286	1.37294
480	-2.93527
480.714	-6.8447
481.429	-3.91409
482.143	-4.50524
482.857	-3.3078
483.571	-1.26233
484.286	-6.97974
485	-7.40872
485.714	0.43783
486.429	-2.68593
487.143	-4.29873
487.857	-3.44778
488.571	-3.55598
489.286	-2.79432
490	-0.274408
490.714	-5.53393
491.429	-5.39713
492.143	-1.70335
492.857	-2.37855
493.571	-5.66084
494.286	-3.90215
495	-5.90325
495.714	-3.04789
496.429	-0.250569
497.143	-4.95087
497.857	-5.19404
498.571	-1.88339
499.286	-1.35963
500	-6.37643
500.714	-4.08792
501.429	-7.0923
502.143	-3.69836
502.857	4.90883
503.571	-5.83478
504.286	-7.77424
505	-3.20552
505.714	-5.84722
506.429	1.68647
507.143	0.0734223
507.857	-11.2644
508.571	-4.33412
509.286	0.486817
510	-3.60201
510.714	-1.09445
511.429	-5.83009
512.143	-8.66663
512.857	1.89024
513.571	0.038262
514.286	-7.04309
515	-3.58382
515.714	-4.83623
516.429	-3.01259
517.143	2.91867
517.857	-5.83526
518.571	-9.0555
519.286	0.383368
520	-1.14624
520.714	-3.42289
521.429	-2.06311
522.143	-8.02591
522.857	-3.56847
523.571	4.34733
524.286	-4.85582
525	-7.86662
525.714	-1.55644
526.429	-3.63399
527.143	0.232686
527.857	0.433149
528.571	-10.9291
529.286	-4.59051
530	4.9185
530.714	-3.54764
531.429	-4.4468
532.143	-3.82261
532.857	-7.74709
533.571	3.60579
534.286	3.70711
535	-12.7634
535.714	-5.68629
536.429	3.26115
537.143	-2.73201
537.857	0.8683
538.571	-5.44839
539.286	-13.3908
540	6.10055
540.714	7.33246
541.429	-12.9535
542.143	-6.02115
542.857	-0.489007
543.571	-3.10664
544.286	7.61791
545	-5.71881
545.714	-19.1434
546.429	6.62491
547.143	9.53293
547.857	-10.613
548.571	-4.44675
549.286	-6.52216
550	-5.32398
550.714	15.6014
551.429	-4.31408
552.143	-23.9252
552.857	5.22455
553.571	8.90215
554.286	-5.76694
555	0.401249
555.714	-14.5473
556.429	-10.0236
557.143	23.8021
557.857	-1.23887
558.571	-26.3375
559.286	2.26188
560	3.1354
560.714	1.28141
561.429	10.701
562.143	-24.4171
562.857	-17.9033
563.571	30.9239
564.286	2.79836
565	-24.1466
565.714	-0.714894
566.429	-7.29957
567.143	7.16055
567.857	23.6836
568.571	-31.0051
569.286	-26.29
570	32.4364
570.714	5.87069
571.429	-14.5544
572.143	-2.26667
572.857	-25.1672
573.571	11.9392
574.286	41.7036
575	-36.0707
575.714	-35.3279
576.429	30.349
577.143	5.95278
577.857	0.924589
578.571	0.356072
579.286	-49.2043
580	12.8388
580.714	60.7673
581.429	-35.1449
582.143	-37.9651
582.857	17.3504
583.571	-3.29458
584.286	28.9435
585	10.3987
585.714	-79.6461
586.429	8.24564
587.143	77.5332
587.857	-28.8556
588.571	-31.7565
589.286	-1.13829
590	-23.8075
590.714	61.2898
591.429	29.9161
592.143	-109.349
592.857	-2.43441
593.571	84.0221
594.286	-17.3522
595	-8.48975
595.714	-25.0256
596.429	-60.2975
597.143	95.5708
597.857	58.8335
598.571	-131.389
599.286	-16.3154
600	71.2497
600.714	-4.46522
601.429	38.8494
602.143	-50.3281
602.857	-115.999
603.571	127.306
604.286	94.5657
605	-137.445
605.714	-26.0826
606.429	30.3975
607.143	2.49928
607.857	118.453
608.571	-70.1743
609.286	-189.737
610	147.861
610.714	128.135
611.429	-118.395
612.143	-19.0502
612.857	-49.6356
613.571	-8.65025
614.286	234.347
615	-75.4893
615.714	-275.627
616.429	149.699
617.143	141.761
617.857	-61.0188
618.571	28.0652
619.286	-181.152
620	-54.4665
620.714	393.947
621.429	-56.596
622.143	-359.891
622.857	126.965
623.571	103.055
624.286	52.1021
625	161.326
625.714	-393.27
626.429	-164.855
627.143	628.724
627.857	0.0739629
628.571	-420.264
629.286	83.6651
630	-85.2554
630.714	344.821
631.429	678.844
632.143	-1016.46
632.857	-457.405
633.571	635.133
634.286	4.60091
635	624.23
635.714	-210.082
636.429	-1012.36
637.143	499.876
637.857	550.627
638.571	-299.787
639.286	-24.2936
640	-278.327
640.714	-138.419
641.429	837.064
642.143	-93.8352
642.857	-986.831
643.571	379.016
644.286	653.427
645	-372.689
645.714	-179.844
646.429	11.7115
647.143	-78.1918
647.857	387.726
648.571	12.1413
649.286	-522.211
650	132.764
650.714	318.149
651.429	-119.719
652.143	-27.8916
652.857	-101.746
653.571	-116.847
654.286	311.63
655	51.6968
655.714	-331.315
656.429	40.3569
657.143	140.953
657.857	-17.9951
658.571	62.3882
659.286	-130.517
660	-136.831
660.714	235.155
661.429	64.7565
662.143	-197.457
662.857	2.88923
663.571	29.4831
664.286	17.0754
665	107.791
665.714	-115.638
666.429	-134.233
667.143	159.353
667.857	57.9646
668.571	-98.2275
669.286	-4.79517
670	-37.2226
670.714	20.4385
671.429	121.871
672.143	-84.8535
672.857	-114.271
673.571	94.0944
674.286	38.9609
675	-31.1508
675.714	2.13711
676.429	-71.196
677.143	10.3246
677.857	114.118
678.571	-53.333
679.286	-85.3537
680	45.5282
680.714	15.3622
681.429	9.3617
682.143	14.0688
682.857	-80.7021
683.571	-2.4155
684.286	93.0554
685	-28.0689
685.714	-53.7896
686.429	13.7344
687.143	-7.22714
687.857	29.0952
688.571	24.5741
689.286	-73.6742
690	-11.6417
690.714	65.6399
691.429	-11.668
692.143	-25.9105
692.857	-2.45668
693.571	-22.1168
694.286	32.2048
695	29.633
695.714	-58.9315
696.429	-16.0127
697.143	41.559
697.857	-3.68633
698.571	-6.09939
699.286	-8.24563
700	-30.1258
700.714	27.3691
701.429	29.341
702.143	-41.5365
702.857	-15.3669
703.571	20.6783
704.286	-1.37145
705	7.32515
705.714	-8.18452
706.429	-31.2422
707.143	18.554
707.857	23.3212
708.571	-23.7091
709.286	-9.97301
710	2.4475
710.714	-3.10627
711.429	16.9898
712.143	-5.67417
712.857	-29.9754
713.571	11.2075
714.286	17.4345
715	-12.8944
715.714	-5.18736
716.429	-5.62845
717.143	-5.47705
717.857	17.338
718.571	-2.34622
719.286	-22.875
720	4.44559
720.714	8.63165
721.429	-4.34884
722.143	0.812015
722.857	-10.7243
723.571	-8.12369
724.286	16.2041
725	0.0716952
725.714	-17.0607
726.429	0.742134
727.143	2.9318
727.857	-0.946546
728.571	3.68423
729.286	-10.3303
730	-8.61317
730.714	10.9469
731.429	0.846057
732.143	-9.6645
732.857	-1.21038
733.571	-2.52184
734.286	0.512851
735	5.31963
735.714	-8.47811
736.429	-7.77724
737.143	5.96529
737.857	0.305603
738.571	-4.15321
739.286	-1.50741
740	-5.85156
740.714	0.348278
741.429	5.20145
742.143	-6.01152
742.857	-5.99506
743.571	2.06785
744.286	-0.787673
745	-0.738636
745.714	-1.0554
746.429	-6.43804
747.143	-0.446251
747.857	3.92698
748.571	-3.89212
749.286	-4.06234
750	-0.55898
750.714	-1.95454
751.429	0.793709
752.143	-0.547983
752.857	-5.45817
753.571	-1.2166
754.286	0.827269
755	-1.82157
755.714	-0.851137
756.429	-2.68133
757.143	-3.12993
757.857	0.830582
758.571	-0.845521
759.286	-1.55724
760	-1.19647
760.714	-4.32767
761.429	-0.519463
762.143	1.14473
762.857	-1.61157
763.571	0.162701
764.286	-4.56373
765	-3.48163
765.714	1.45199
766.429	-0.989309
767.143	0.0604913
767.857	-1.67418
768.571	-2.70191
769.286	-0.560863
770	0.105879
770.714	-2.48746
771.429	-2.07391
772.143	-1.28417
772.857	-1.34902
773.571	0.405785
774.286	-1.39647
775	-2.53163
775.714	-0.599324
776.429	1.25195
777.143	-2.71509
777.857	-2.37268
778.571	-1.76696
779.286	-1.71035
780	-0.0605211
780.714	-1.38773
781.429	-4.54897
782.143	-1.21249
782.857	-0.756061
783.571	-1.35242
784.286	-1.52456
785	-1.85056
785.714	-1.83432
786.429	0.614012
787.143	-0.681516
787.857	-4.5811
788.571	-1.46605
789.286	-0.745686
790	-0.909359
790.714	-0.391815
791.429	-2.62505
792.143	-2.61311
792.857	0.984249
793.571	-0.210822
794.286	-3.80073
795	-1.68104
795.714	-1.70076
796.429	-0.658362
797.143	1.01602
797.857	-3.06142
798.571	-3.6344
799.286	1.24116
800	0.356817
800.714	-3.90097
801.429	-1.85587
802.143	-3.86228
802.857	-1.14685
803.571	0.593674
804.286	-2.91046
805	-4.89035
805.714	1.26289
806.429	0.000353189
807.143	-0.707252
807.857	-0.758352
808.571	-2.78343
809.286	-0.495918
810	5.72514
810.714	-2.37176
811.429	-3.14264
812.143	-0.620434
812.857	-0.658928
813.571	-0.378676
814.286	-0.0254781
815	-6.51917
815.714	-2.01508
816.429	6.34074
817.143	-1.72794
817.857	-0.306961
818.571	-3.98865
819.286	-7.05661
820	4.8187
820.714	1.92237
821.429	-3.83434
822.143	-1.12293
822.857	-3.96834
823.571	-0.598667
824.286	3.99007
825	-3.24985
825.714	-4.2014
826.429	0.171919
827.143	-1.19038
827.857	0.582502
828.571	-0.0824492
829.286	-5.09712
830	-1.11866
830.714	2.23591
831.429	-1.84073
832.143	-1.87051
832.857	-1.40354
833.571	-2.33382
834.286	0.97331
835	0.182604
835.714	-3.81226
836.429	-1.35299
837.143	0.113911
837.857	-1.18905
838.571	-0.18835
839.286	-2.04832
840	-3.26794
840.714	1.27871
841.429	0.507389
842.143	-3.16883
842.857	-1.31925
843.571	-1.18759
844.286	-0.991552
845	1.25944
845.714	-2.18545
846.429	-3.67518
847.143	0.667918
847.857	-0.013348
848.571	-1.3873
849.286	-0.650668
850	-3.08551
850.714	-1.2054
851.429	2.58632
852.143	-1.80527
852.857	-3.12812
853.571	-0.494885
854.286	-1.44272
855	0.733484
855.714	0.724438
856.429	-5.15198
857.143	-1.82946
857.857	3.10869
858.571	-1.28383
859.286	-1.3323
860	-1.76929
860.714	-4.04579
861.429	2.93179
862.143	2.81265
862.857	-6.81678
863.571	-2.63909
864.286	2.78751
865	-0.920635
865.714	1.18006
866.429	-2.61837
867.143	-7.2928
867.857	4.30496
868.571	4.91951
869.286	-7.13261
870	-3.06565
870.714	0.904798
871.429	-1.05994
872.143	4.86775
872.857	-2.77527
873.571	-10.994
874.286	4.74373
875	6.56816
875.714	-5.69613
876.429	-1.99749
877.143	-3.45471
877.857	-2.56563
878.571	9.92557
879.286	-1.9548
880	-13.3263
880.714	3.41721
881.429	5.00925
882.143	-1.97047
882.857	1.6257
883.571	-9.00383
884.286	-5.60682
885	15.2367
885.714	-0.198112
886.429	-15.1808
887.143	2.01241
887.857	2.66596
888.571	1.07515
889.286	6.53912
890	-13.5429
890.714	-9.86382
891.429	18.8
892.143	2.17057
892.857	-13.7906
893.571	0.10577
894.286	-4.5738
895	5.71449
895.714	16.4692
896.429	-20.0232
897.143	-16.3261
897.857	21.3817
898.571	4.13424
899.286	-7.63683
900	-0.929035
900.714	-15.9733
901.429	8.4445
902.143	26.746
902.857	-21.7604
903.571	-20.4628
904.286	17.3392
905	2.99142
905.714	5.33202
906.429	0.966393
907.143	-33.3629
907.857	9.38451
908.571	39.9911
909.286	-21.818
910	-22.7021
910.714	10.0813
911.429	-2.88097
912.143	22.1439
912.857	7.67909
913.571	-52.5351
914.286	6.31321
915	50.3608
915.714	-17.6477
916.429	-18.1255
917.143	-1.93185
917.857	-16.3648
918.571	42.6404
919.286	20.389
920	-71.5477
920.714	-0.759878
921.429	53.3071
922.143	-9.84224
922.857	-1.63383
923.571	-18.3078
924.286	-41.6033
925	66.5067
925.714	39.9757
926.429	-85.5931
927.143	-9.44842
927.857	43.7408
928.571	-0.990976
929.286	33.3478
930	-36.5179
930.714	-81.3154
931.429	89.6228
932.143	64.9651
932.857	-90.5603
933.571	-15.2317
934.286	12.8358
935	3.5983
935.714	94.2462
936.429	-52.3873
937.143	-138.533
937.857	108.758
938.571	91.1506
939.286	-77.0714
940	-6.98781
940.714	-53.9514
941.429	-5.29702
942.143	202.424
942.857	-61.7995
943.571	-224.97
944.286	125.686
945	111.973
945.714	-21.4794
946.429	60.5142
947.143	-250.485
947.857	-61.1513
948.571	555.017
949.286	-28.4636
950	-64.7838
950.714	-41.6452
951.429	-201.544
952.143	265.774
952.857	254.974
953.571	-369.17
954.286	-85.0226
955	75.9216
955.714	-6.21457
956.429	170.147
957.143	-93.2982
957.857	-266.682
958.571	178.903
959.286	169.382
960	-154.196
960.714	-35.2209
961.429	-44.1534
962.143	-19.5114
962.857	260.526
963.571	-77.7096
964.286	-357.121
965	194.547
965.714	260.335
966.429	-211.518
967.143	-97.1589
967.857	70.922
968.571	-6.90995
969.286	102.284
970	-18.586
970.714	-194.062
971.429	78.9992
972.143	143.141
972.857	-87.2032
973.571	-42.8347
974.286	-0.988694
975	-21.4494
975.714	98.2797
976.429	1.33652
977.143	-135.145
977.857	33.0275
978.571	78.8235
979.286	-30.0867
980	-4.61369
980.714	-33.0698
981.429	-34.671
982.143	87.0482
982.857	13.0078
983.571	-92.2975
984.286	9.98615
985	35.1239
985.714	-4.26695
986.429	19.4782
987.143	-40.4574
987.857	-41.0671
988.571	67.4327
989.286	17.3792
990	-55.9017
990.714	-0.0326517
991.429	5.23787
992.143	5.15918
992.857	32.6992
993.571	-35.9974
994.286	-40.6999
995	45.7818
995.714	15.5697
996.429	-27.5671
997.143	-2.03835
997.857	-14.2976
998.571	5.88988
999.286	37.1551
1000	-26.8081
1000.71	-35.0802
1001.43	26.6198
1002.14	9.70721
1002.86	-7.29385
1003.57	0.549538
1004.29	-24.5312
1005	2.51769
1005.71	33.5028
1006.43	-16.5777
1007.14	-25.2694
1007.86	11.9527
1008.57	2.89597
1009.29	3.26042
1010	3.78353
1010.71	-25.7208
1011.43	-1.35737
1012.14	27.5686
1012.86	-9.33044
1013.57	-17.2404
1014.29	3.68265
1015	-2.57588
1015.71	7.97452
1016.43	6.78811
1017.14	-23.8648
1017.86	-4.40421
1018.57	20.7615
1019.29	-4.59213
1020	-10.4958
1020.71	-0.641125
1021.43	-6.1104
1022.14	8.22846
1022.86	7.77504
1023.57	-18.3119
1024.29	-5.64392
1025	12.7134
1025.71	-1.82416
1026.43	-4.83289
1027.14	-2.15733
1027.86	-6.72009
1028.57	5.07897
1029.29	5.63585
1030	-10.3107
1030.71	-4.29342
1031.43	3.67146
1032.14	-1.16324
1032.86	1.77468
1033.57	-3.00845
1034.29	-8.93899
1035	3.98933
1035.71	5.1985
1036.43	-7.07412
1037.14	-3.62902
1037.86	0.788137
1038.57	-1.28126
1039.29	2.09363
1040	-2.07401
1040.71	-6.41252
1041.43	1.17689
1042.14	1.92019
1042.86	-2.83381
1043.57	-1.37335
1044.29	-2.77922
1045	-2.19101
1045.71	3.51922
1046.43	-1.35821
1047.14	-5.74485
1047.86	0.102814
1048.57	0.90566
1049.29	-1.85066
1050	-0.975524
1050.71	-2.44284
1051.43	-2.03956
1052.14	1.30087
1052.86	-1.02655
1053.57	-3.02696
1054.29	-0.865414
1055	-0.820624
1055.71	-1.05019
1056.43	-0.631041
1057.14	-1.9525
1057.86	-1.48158
1058.57	-0.757438
1059.29	-1.31188
1060	-1.12439
1060.71	-1.18264
1061.43	-1.75913
1062.14	-0.939499
1062.86	-0.999785
1063.57	-1.20154
1064.29	-0.842447
1065	-1.76388
1065.71	-1.57436
1066.43	-0.0100067
1067.14	-1.10983
1067.86	-1.87491
1068.57	-1.07709
1069.29	-1.63205
1070	-0.507978
1070.71	0.232629
1071.43	-3.01568
1072.14	-2.20352
1072.86	0.401837
1073.57	-1.12776
1074.29	-0.383129
1075	-1.5498
1075.71	-5.03987
1076.43	1.28489
1077.14	2.90831
1077.86	-4.01603
1078.57	-1.86786
1079.29	-3.07743
1080	-2.52675
1080.71	6.28604
1081.43	-1.46535
1082.14	-6.03114
1082.86	-0.520296
1083.57	-1.43834
1084.29	0.357541
1085	0.773577
1085.71	-4.16906
1086.43	-2.79681
1087.14	3.88763
1087.86	-0.495796
1088.57	-2.58683
1089.29	-1.12097
1090	-1.63585
1090.71	0.0587144
1091.43	0.966503
1092.14	-3.77777
1092.86	-3.11861
1093.57	2.41588
1094.29	-0.273234
1095	-1.72452
1095.71	-1.31648
1096.43	-3.70451
1097.14	0.853965
1097.86	3.0927
1098.57	-4.18193
1099.29	-3.22091
1100	0.441362
1100.71	-0.704994
1101.43	-0.0941403
1102.14	-1.17239
1102.86	-3.52809
1103.57	0.180251
1104.29	3.1518
1105	-3.43026
1105.71	-2.95767
1106.43	-1.10579
1107.14	-1.65096
1107.86	1.60583
1108.57	-0.730508
1109.29	-4.89647
1110	-0.455376
1110.71	2.39526
1111.43	-2.15423
1112.14	-1.91919
1112.86	-2.28733
1113.57	-2.76284
1114.29	2.94261
1115	0.10001
1115.71	-4.4043
1116.43	-0.772542
1117.14	1.99318
1117.86	-0.97346
1118.57	0.961992
1119.29	-4.09089
1120	-4.23056
1120.71	2.82502
1121.43	0.538196
1122.14	-5.62748
1122.86	-1.80916
1123.57	-1.13982
1124.29	-0.902972
1125	1.5693
1125.71	-4.51657
1126.43	-6.66361
1127.14	3.89102
1127.86	0.762922
1128.57	-1.28196
1129.29	-0.898668
1130	-2.42216
1130.71	0.0328683
1131.43	7.40901
1132.14	-5.22732
1132.86	-7.68142
1133.57	1.39308
1134.29	-2.16918
1135	5.33178
1135.71	1.70421
1136.43	-9.22312
1137.14	-0.863279
1137.86	1.97152
1138.57	-0.850957
1139.29	1.40768
1140	-3.90852
1140.71	-4.50006
1141.43	3.27216
1142.14	0.536115
1142.86	-3.34615
1143.57	-1.11142
1144.29	-2.38915
1145	-0.393104
1145.71	2.06442
1146.43	-3.0131
1147.14	-3.44366
1147.86	0.689235
1148.57	-0.540915
1149.29	-0.875801
1150	-0.797505
1150.71	-3.29685
1151.43	-0.703416
1152.14	1.86485
1152.86	-2.30779
1153.57	-2.79111
1154.29	-0.17712
1155	-0.936764
1155.71	-0.469576
1156.43	-0.581588
1157.14	-3.59533
1157.86	-1.11306
1158.57	1.1793
1159.29	-1.72268
1160	-1.90667
1160.71	-1.28338
1161.43	-2.06612
1162.14	0.651507
1162.86	0.00776206
1163.57	-3.8103
1164.29	-1.43585
1165	0.609232
1165.71	-1.31446
1166.43	-0.873239
1167.14	-1.85056
1167.86	-2.88115
1168.57	0.709214
1169.29	0.124703
1170	-2.86326
1170.71	-1.42405
1171.43	-0.835862
1172.14	-1.14191
1172.86	0.507003
1173.57	-2.02216
1174.29	-3.28892
1175	0.135124
1175.71	-0.391315
1176.43	-1.35533
1177.14	-0.929806
1177.86	-2.76006
1178.57	-1.28728
1179.29	1.64621
1180	-1.86013
1180.71	-2.96711
1181.43	-0.865728
1182.14	-1.76213
1182.86	0.601473
1183.57	0.361381
1184.29	-4.94526
1185	-1.92176
1185.71	2.53058
1186.43	-1.5443
1187.14	-2.18276
1187.86	-1.78301
1188.57	-3.77017
1189.29	2.27943
1190	2.29784
1190.71	-6.73851
1191.43	-2.86386
1192.14	2.0741
1192.86	-1.24943
1193.57	0.516574
1194.29	-2.66502
1195	-6.66147
1195.71	3.04634
1196.43	3.57608
1197.14	-6.25103
1197.86	-2.94517
1198.57	-0.248568
1199.29	-1.51185
1200	3.12635
1200.71	-2.73538
1201.43	-8.65632
1202.14	2.63158
1202.86	3.76561
1203.57	-4.55606
1204.29	-1.96099
1205	-3.68676
1205.71	-2.74807
1206.43	7.51698
1207.14	-2.37905
1207.86	-12.1949
1208.57	2.55214
1209.29	4.34073
1210	-3.18853
1210.71	0.110927
1211.43	-8.09294
1212.14	-5.44685
1212.86	12.1975
1213.57	-1.05271
1214.29	-12.8034
1215	0.423524
1215.71	-0.165637
1216.43	1.20667
1217.14	5.70979
1217.86	-13.5212
1218.57	-9.57306
1219.29	15.5303
1220	0.824389
1220.71	-11.5792
1221.43	-1.22055
1222.14	-6.00603
1222.86	4.08898
1223.57	12.3937
1224.29	-16.965
1225	-13.8067
1225.71	14.9881
1226.43	1.71012
1227.14	-4.59846
1227.86	-2.15457
1228.57	-17.654
1229.29	6.93883
1230	22.7365
1230.71	-20.1983
1231.43	-18.3371
1232.14	12.4752
1232.86	0.524011
1233.57	4.98489
1234.29	-0.585198
1235	-31.8365
1235.71	7.00943
1236.43	33.1881
1237.14	-20.337
1237.86	-20.3669
1238.57	5.8414
1239.29	-5.06359
1240	18.9121
1240.71	4.95031
1241.43	-48.7532
1242.14	3.6029
1242.86	40.7572
1243.57	-16.7152
1244.29	-15.7498
1245	-6.1294
1245.71	-18.6689
1246.43	37.9192
1247.14	16.0503
1247.86	-66.4939
1248.57	-3.09509
1249.29	42.3535
1250	-10.4884
1250.71	0.415961
1251.43	-23.5274
1252.14	-45.209
1252.86	61.6105
1253.57	34.2251
1254.29	-84.1033
1255	-12.4276
1255.71	31.3574
1256.43	-3.87454
1257.14	37.8111
1257.86	-47.7051
1258.57	-96.1465
1259.29	92.4573
1260	63.0845
1260.71	-102.567
1261.43	-21.9951
1262.14	-17.8443
1262.86	-2.30666
1263.57	169.768
1264.29	-110.728
1265	-242.151
1265.71	107.424
1266.43	-10.3873
1267.14	141.531
1267.86	77.5904
1268.57	-148.017
1269.29	8.71335
1270	219.648
1270.71	-21.6138
1271.43	-9.93367
1272.14	-31.5326
1272.86	-90.2098
1273.57	135.449
1274.29	83.2602
1275	-132.052
1275.71	-14.7144
1276.43	71.1672
1277.14	1.23794
1277.86	36.6065
1278.57	-34.0423
1279.29	-91.2068
1280	98.4344
1280.71	78.9828
1281.43	-95.9075
1282.14	-17.938
1282.86	17.5383
1283.57	3.1611
1284.29	101.32
1285	-49.3276
1285.71	-158.018
1286.43	123.88
1287.14	130.597
1287.86	-138.206
1288.57	-50.6064
1289.29	77.082
1290	3.84344
1290.71	24.3661
1291.43	-13.0587
1292.14	-83.3496
1292.86	54.798
1293.57	77.8508
1294.29	-63.8328
1295	-29.5501
1295.71	25.8854
1296.43	-0.303219
1297.14	34.014
1297.86	-4.82441
1298.57	-63.2354
1299.29	27.9746
1300	49.0211
1300.71	-27.4487
1301.43	-12.0249
1302.14	-1.51316
1302.86	-7.22162
1303.57	38.753
1304.29	1.57291
1305	-48.4476
1305.71	13.1151
1306.43	28.6718
1307.14	-8.92154
1307.86	0.739913
1308.57	-12.8621
1309.29	-12.7326
1310	35.3036
1310.71	5.9987
1311.43	-33.5386
1312.14	4.63337
1312.86	12.7655
1313.57	0.169274
1314.29	9.70836
1315	-15.7301
1315.71	-15.6177
1316.43	27.5929
1317.14	7.55327
1317.86	-19.4926
1318.57	0.768709
1319.29	0.015299
1320	3.67139
1320.71	14.9098
1321.43	-13.476
1322.14	-14.5567
1322.86	17.5413
1323.57	6.13892
1324.29	-8.69051
1325	0.0350224
1325.71	-5.75567
1326.43	3.11185
1327.14	15.1052
1327.86	-9.72507
1328.57	-12.7159
1329.29	10.8732
1330	4.37988
1330.71	-2.31205
1331.43	0.784711
1332.14	-9.22236
1332.86	1.71537
1333.57	14.764
1334.29	-6.47479
1335	-10.4066
1335.71	6.02877
1336.43	2.23841
1337.14	1.48235
1337.86	2.02275
1338.57	-10.3346
1339.29	-0.0542309
1340	12.7378
1340.71	-3.62691
1341.43	-8.05097
1342.14	3.0621
1342.86	1.01357
1343.57	1.90893
1344.29	2.29993
1345	-7.59715
1345.71	-1.23955
1346.43	8.98766
1347.14	-1.60039
1347.86	-6.00767
1348.57	1.70633
1349.29	1.12086
1350	0.355749
1350.71	0.856255
1351.43	-2.67529
1352.14	-0.81072
1352.86	2.6281
1353.57	-0.2808
1354.29	-0.995505
1355	-0.342951
1355.71	-1.45699
1356.43	1.49539
1357.14	1.58341
1357.86	-2.57397
1358.57	-1.1306
1359.29	2.19924
1360	0.0231024
1360.71	-1.48076
1361.43	-0.0588133
1362.14	0.157043
1362.86	-0.202992
1363.57	-0.383527
1364.29	0.053267
1365	0.0411698
1365.71	-0.461237
1366.43	-0.229308
1367.14	0.233189
1367.86	-0.281177
1368.57	-0.441357
1369.29	-0.0252815
1370	-0.0416053
1370.71	-0.439226
1371.43	-0.443775
1372.14	0.444777
1372.86	0.130131
1373.57	-1.43035
1374.29	-0.270638
1375	1.07566
1375.71	-0.442667
1376.43	-0.484648
1377.14	-0.482428
1377.86	-0.972824
1378.57	1.06022
1379.29	0.721914
1380	-2.65783
1380.71	-0.618299
1381.43	1.74803
1382.14	-0.544708
1382.86	-0.833652
1383.57	-0.482534
1384.29	-1.40121
1385	1.48239
1385.71	1.35467
1386.43	-3.40377
1387.14	-1.09827
1387.86	2.62079
1388.57	-0.477141
1389.29	-0.856515
1390	-0.738607
1390.71	-2.73096
1391.43	2.65713
1392.14	3.11238
1392.86	-5.46384
1393.57	-1.95779
1394.29	2.13893
1395	-0.36899
1395.71	4.0785
1396.43	-2.67476
1397.14	-8.00792
1397.86	3.90947
1398.57	2.84811
1399.29	-1.26029
1400	0.161272
1400.71	-3.53447
1401.43	-1.03949
1402.14	5.10457
1402.86	-1.45698
1403.57	-6.10768
1404.29	1.468
1405	0.86873
1405.71	0.455061
1406.43	0.736941
1407.14	-2.78041
1407.86	-1.26742
1408.57	5.2453
1409.29	-0.223516
1410	-4.41375
1410.71	0.705638
1411.43	1.10214
1412.14	0.381215
1412.86	1.82848
1413.57	-4.73677
1414.29	-2.66215
1415	4.46158
1415.71	0.0107335
1416.43	-2.41983
1417.14	-0.799223
1417.86	-2.79778
1418.57	1.68162
1419.29	2.62729
1420	-3.76873
1420.71	-2.98312
1421.43	4.22622
1422.14	0.629833
1422.86	-1.16227
1423.57	-0.781773
1424.29	-4.18543
1425	1.7817
1425.71	3.78744
1426.43	-3.34231
1427.14	-2.69061
1427.86	1.55136
1428.57	0.0108166
1429.29	0.905611
1430	-0.630393
1430.71	-6.24298
1431.43	1.09671
1432.14	3.54971
1432.86	-2.35644
1433.57	-2.25314
1434.29	-0.0287634
1435	-1.05206
1435.71	3.77281
1436.43	0.249659
1437.14	-6.83967
1437.86	0.29345
1438.57	2.38506
1439.29	-1.00311
1440	-0.515762
1440.71	-2.39523
1441.43	-3.31662
1442.14	6.62988
1442.86	1.64415
1443.57	-6.89312
1444.29	-0.43584
1445	0.358467
1445.71	0.0802274
1446.43	2.15471
1447.14	-4.79007
1447.86	-7.09216
1448.57	9.43083
1449.29	2.86073
1450	-1.26936
1450.71	0.0281901
1451.43	-9.34461
1452.14	2.59881
1452.86	7.88219
1453.57	-3.34818
1454.29	-1.95914
1455	-0.830256
1455.71	-1.6903
1456.43	4.64062
1457.14	0.725997
1457.86	-5.43383
1458.57	0.470147
1459.29	2.15438
1460	-0.331761
1460.71	0.896608
1461.43	-2.31208
1462.14	-2.17386
1462.86	3.13973
1463.57	0.637906
1464.29	-2.6714
1465	-0.215456
1465.71	-0.27375
1466.43	0.147171
1467.14	1.44013
1467.86	-1.94524
1468.57	-2.09965
1469.29	1.96622
1470	0.45852
1470.71	-1.28149
1471.43	-0.251838
1472.14	-1.29432
1472.86	0.315603
1473.57	2.36817
1474.29	-1.98487
1475	-2.32747
1475.71	1.39158
1476.43	0.32752
1477.14	-0.517281
1477.86	-0.14523
1478.57	-2.33074
1479.29	-0.0126883
1480	2.27289
1480.71	-1.44663
1481.43	-1.88208
1482.14	0.248702
1482.86	-0.562084
1483.57	1.03341
1484.29	0.430286
1485	-3.17218
1485.71	-0.370577
1486.43	2.06964
1487.14	-0.953237
1487.86	-1.21027
1488.57	-0.472333
1489.29	-1.34464
1490	1.5199
1490.71	0.793173
1491.43	-2.80499
1492.14	-0.597376
1492.86	1.03585
1493.57	-0.473523
1494.29	0.0318649
1495	-1.0487
1495.71	-2.08784
1496.43	1.45768
1497.14	0.898026
1497.86	-1.74888
1498.57	-0.567927
1499.29	-0.678292
1500	-0.28067
1500.71	1.38532
1501.43	-1.23157
1502.14	-2.44308
1502.86	0.853898
1503.57	0.369562
1504.29	-0.112436
1505	0.172965
1505.71	-3.18142
1506.43	-0.61376
1507.14	3.33163
1507.86	-1.13583
1508.57	-2.08713
1509.29	-0.311792
1510	-1.43969
1510.71	1.91451
1511.43	1.53682
1512.14	-4.71005
1512.86	-1.21866
1513.57	3.18287
1514.29	-0.716419
1515	-0.767813
1515.71	-1.0988
1516.43	-3.02771
1517.14	2.73339
1517.86	2.67864
1518.57	-5.23535
1519.29	-1.86826
1520	2.64029
1520.71	-0.493907
1521.43	0.439251
1522.14	-1.49071
1522.86	-4.85531
1523.57	3.31044
1524.29	3.92036
1525	-5.1907
1525.71	-2.0216
1526.43	0.376349
1527.14	-0.706894
1527.86	5.1785
1528.57	-2.36763
1529.29	-9.13739
1530	4.0342
1530.71	4.79504
1531.43	-3.56582
1532.14	-0.891432
1532.86	-3.4212
1533.57	-1.9421
1534.29	8.396
1535	-1.575
1535.71	-10.465
1536.43	2.62275
1537.14	3.18413
1537.86	-0.401281
1538.57	2.22851
1539.29	-8.34003
1540	-4.63674
1540.71	12.8055
1541.43	-0.210572
1542.14	-11.4925
1542.86	1.16448
1543.57	0.157086
1544.29	2.42711
1545	6.74679
1545.71	-12.2399
1546.43	-8.05898
1547.14	14.5386
1547.86	1.35233
1548.57	-7.69161
1549.29	-0.804051
1550	-7.62141
1550.71	6.28702
1551.43	14.892
1552.14	-17.0873
1552.86	-12.9791
1553.57	15.4045
1554.29	2.2947
1555	-2.46776
1555.71	-1.41188
1556.43	-18.4815
1557.14	8.58701
1557.86	24.8521
1558.57	-19.8646
1559.29	-17.408
1560	12.8395
1560.71	0.865547
1561.43	7.66589
1562.14	0.503704
1562.86	-32.8702
1563.57	8.37968
1564.29	34.9133
1565	-19.5585
1565.71	-18.661
1566.43	5.09455
1567.14	-5.86458
1567.86	23.9059
1568.57	6.67476
1569.29	-52.8661
1570	5.0964
1570.71	44.0435
1571.43	-16.2439
1572.14	-12.7834
1572.86	-10.1077
1573.57	-24.4135
1574.29	51.1636
1575	21.4432
1575.71	-83.5723
1576.43	-3.0187
1577.14	50.337
1577.86	-10.4453
1578.57	17.553
1579.29	-53.362
1580	-99.0489
1580.71	130.878
1581.43	56.5688
1582.14	-77.7306
1582.86	-5.21051
1583.57	-135.696
1584.29	17.0155
1585	90.5558
1585.71	-52.9434
1586.43	-77.2473
1587.14	49.7828
1587.86	4.83701
1588.57	51.9827
1589.29	25.1813
1590	-115.606
1590.71	9.52882
1591.43	81.9828
1592.14	-19.1563
1592.86	-16.1919
1593.57	-5.67703
1594.29	-22.8455
1595	53.4698
1595.71	28.3983
1596.43	-80.6644
1597.14	-2.77768
1597.86	63.2112
1598.57	-9.6212
1599.29	-6.57608
1600	-12.4053
1600.71	-35.8612
1601.43	56.0461
1602.14	37.1346
1602.86	-68.7035
1603.57	-9.00401
1604.29	30.0743
1605	1.0467
1605.71	36.6718
1606.43	-32.0001
1607.14	-77.4817
1607.86	81.2716
1608.57	68.2459
1609.29	-99.2244
1610	-26.5781
1610.71	68.0281
1611.43	-0.60269
1612.14	-6.15682
1612.86	-6.98053
1613.57	-37.4233
1614.29	36.181
1615	42.6846
1615.71	-49.4441
1616.43	-19.2232
1617.14	30.571
1617.86	1.37357
1618.57	6.23778
1619.29	-4.93345
1620	-31.4376
1620.71	20.7188
1621.43	29.4638
1622.14	-24.4304
1622.86	-11.1491
1623.57	8.71623
1624.29	-0.634857
1625	15.5598
1625.71	-2.35426
1626.43	-27.668
1627.14	11.7663
1627.86	20.0219
1628.57	-10.8824
1629.29	-4.2136
1630	-2.20102
1630.71	-3.74334
1631.43	18.1425
1632.14	0.640827
1632.86	-21.9356
1633.57	5.58077
1634.29	11.1915
1635	-2.69037
1635.71	2.19198
1636.43	-7.31636
1637.14	-6.09665
1637.86	15.1291
1638.57	2.31826
1639.29	-13.2752
1640	1.80139
1640.71	4.32979
1641.43	0.4512
1642.14	4.65846
1642.86	-7.05322
1643.57	-6.66889
1644.29	11.6531
1645	3.0895
1645.71	-8.43156
1646.43	0.306301
1647.14	0.246904
1647.86	1.57324
1648.57	6.65379
1649.29	-6.36503
1650	-6.98891
1650.71	8.50479
1651.43	2.99044
1652.14	-4.26465
1652.86	-0.0218451
1653.57	-3.02977
1654.29	1.63367
1655	7.86066
1655.71	-5.02721
1656.43	-6.60929
1657.14	5.6027
1657.86	2.43804
1658.57	-1.66028
1659.29	0.237748
1660	-4.05787
1660.71	0.718654
1661.43	7.37836
1662.14	-3.44023
1662.86	-6.40829
1663.57	4.39916
1664.29	2.71314
1665	-1.73269
1665.71	0.0860294
1666.43	-2.4851
1667.14	-0.0423715
1667.86	5.18602
1668.57	-1.85478
1669.29	-5.59809
1670	3.44872
1670.71	3.59751
1671.43	-3.21973
1672.14	-1.32581
1672.86	1.52637
1673.57	0.131994
1674.29	0.0696935
1675	-0.193845
1675.71	-1.33723
1676.43	0.723138
1677.14	1.12902
1677.86	-0.778993
1678.57	-0.375009
1679.29	0.0983397
1680	-0.141092
1680.71	1.13818
1681.43	-0.153486
1682.14	-2.62756
1682.86	1.12267
1683.57	2.83379
1684.29	-2.11257
1685	-2.03918
1685.71	2.16409
1686.43	0.724053
1687.14	-0.892278
1687.86	-0.0409311
1688.57	-0.927665
1689.29	0.402985
1690	2.00526
1690.71	-1.19184
1691.43	-1.39969
1692.14	0.738509
1692.86	0.00784753
1693.57	0.92858
1694.29	0.350292
1695	-2.59121
1695.71	0.335913
1696.43	2.79543
1697.14	-1.0964
1697.86	-1.33449
1698.57	0.298041
1699.29	-0.496438
1700	1.71495
1700.71	0.904742
1701.43	-3.75124
1702.14	-0.0280865
1702.86	3.68764
1703.57	-1.04753
1704.29	-1.74633
1705	0.217654
1705.71	-0.943966
1706.43	2.47806
1707.14	1.89228
1707.86	-5.71935
1708.57	-0.685969
1709.29	5.59169
1710	-0.959246
1710.71	-0.909684
1711.43	-1.57987
1712.14	-4.78906
1712.86	6.43841
1713.57	4.23707
1714.29	-6.12792
1715	-0.901381
1715.71	-0.361908
1716.43	0.285236
1717.14	4.07642
1717.86	-2.48555
1718.57	-5.61458
1719.29	4.41088
1720	3.38555
1720.71	-2.95691
1721.43	-0.399491
1722.14	-2.46142
1722.86	-0.223849
1723.57	4.21025
1724.29	-1.75106
1725	-5.86399
1725.71	3.23588
1726.43	3.10131
1727.14	-1.54987
1727.86	-0.171194
1728.57	-1.56818
1729.29	-0.434851
1730	7.08698
1730.71	-0.921639
1731.43	-5.84864
1732.14	2.15982
1732.86	2.15089
1733.57	0.480519
1734.29	1.73767
1735	-4.62967
1735.71	-1.508
1736.43	4.70637
1737.14	-0.0680976
1737.86	-3.83951
1738.57	0.722936
1739.29	0.488017
1740	1.72284
1740.71	3.47916
1741.43	-5.88828
1742.14	-2.83707
1742.86	5.42632
1743.57	0.564883
1744.29	-1.52705
1745	-0.149409
1745.71	-1.63747
1746.43	2.39619
1747.14	4.79879
1747.86	-5.33068
1748.57	-3.10815
1749.29	3.37703
1750	0.460206
1750.71	1.11452
1751.43	-0.349727
1752.14	-4.15566
1752.86	2.89273
1753.57	6.74189
1754.29	-4.71404
1755	-2.38045
1755.71	-0.614882
1756.43	-0.822519
1757.14	1.72327
1757.86	-0.931908
1758.57	-9.9028
1759.29	1.70964
1760	3.98513
1760.71	-1.80292
1761.43	-0.898072
1762.14	-2.15594
1762.86	-2.71233
1763.57	8.9861
1764.29	1.28788
1765	-12.5237
1765.71	0.69288
1766.43	-1.41376
1767.14	3.6457
1767.86	8.45554
1768.57	-8.47895
1769.29	-4.84898
1770	4.08906
1770.71	0.10285
1771.43	2.02536
1772.14	-0.605902
1772.86	-6.01697
1773.57	2.32971
1774.29	4.61809
1775	-2.93486
1775.71	-1.64693
1776.43	0.0104665
1777.14	-0.670904
1777.86	3.09769
1778.57	-0.0224552
1779.29	-4.0979
1780	0.873665
1780.71	2.15468
1781.43	-0.74053
1782.14	-0.0511693
1782.86	-1.20224
1783.57	-1.0699
1784.29	2.59325
1785	0.29019
1785.71	-2.8374
1786.43	0.287433
1787.14	0.983611
1787.86	-0.100852
1788.57	0.739616
1789.29	-1.65729
1790	-1.55522
1790.71	2.54722
1791.43	0.564572
1792.14	-1.77773
1792.86	-0.0396503
1793.57	-0.366832
1794.29	0.516269
1795	2.0529
1795.71	-2.04315
1796.43	-2.07067
1797.14	2.24856
1797.86	0.655287
1798.57	-0.943576
1799.29	-0.0769333
1800	-1.76782
1800.71	0.505234
1801.43	2.43998
1802.14	-1.52405
1802.86	-1.71747
1803.57	1.05442
1804.29	0.116507
1805	0.627379
1805.71	0.304715
1806.43	-2.92354
1807.14	0.282991
1807.86	2.64677
1808.57	-1.11543
1809.29	-1.38099
1810	0.280934
1810.71	-0.448963
1811.43	1.49865
1812.14	0.755966
1812.86	-3.01523
1813.57	-0.101302
1814.29	1.95171
1815	-0.423763
1815.71	-0.240797
1816.43	-0.487998
1817.14	-1.21351
1817.86	1.84765
1818.57	1.18498
1819.29	-2.49168
1820	-0.381343
1820.71	0.653556
1821.43	0.0578204
1822.14	1.52228
1822.86	-1.19182
1823.57	-2.17114
1824.29	1.57933
1825	0.77458
1825.71	-0.280199
1826.43	0.156712
1827.14	-1.82826
1827.86	0.129753
1828.57	2.82351
1829.29	-1.05053
1830	-1.88614
1830.71	0.722243
1831.43	-0.0206478
1832.14	1.08497
1832.86	0.848971
1833.57	-3.15235
1834.29	-0.218549
1835	3.57501
1835.71	-0.789363
1836.43	-1.72525
1837.14	0.274905
1837.86	-0.813152
1838.57	2.08065
1839.29	1.96326
1840	-4.77459
1840.71	-0.932665
1841.43	4.6549
1842.14	-0.49698
1842.86	-0.987396
1843.57	-0.708459
1844.29	-3.10028
1845	3.97558
1845.71	3.54307
1846.43	-4.93911
1847.14	-1.2189
1847.86	1.81214
1848.57	0.110211
1849.29	2.87404
1850	-1.79253
1850.71	-5.94201
1851.43	4.74832
1852.14	4.90383
1852.86	-4.53905
1853.57	-1.2005
1854.29	-0.403696
1855	-0.255283
1855.71	5.94697
1856.43	-1.71106
1857.14	-8.08288
1857.86	4.19363
1858.57	4.79247
1859.29	-2.06247
1860	0.498191
1860.71	-4.70218
1861.43	-1.74788
1862.14	10.7083
1862.86	-1.11834
1863.57	-10.4723
1864.29	3.36124
1865	3.55489
1865.71	0.741916
1866.43	3.47035
1867.14	-8.40543
1867.86	-4.09379
1868.57	13.8301
1869.29	0.568066
1870	-9.08736
1870.71	1.32303
1871.43	-1.17597
1872.14	5.02081
1872.86	9.97823
1873.57	-14.4503
1874.29	-8.64236
1875	17.3892
1875.71	2.31564
1876.43	-6.76547
1877.14	-0.198076
1877.86	-9.40926
1878.57	8.97856
1879.29	18.9431
1880	-18.9002
1880.71	-13.6835
1881.43	18.6437
1882.14	3.51521
1882.86	-0.142791
1883.57	-0.328771
1884.29	-21.6056
1885	11.9425
1885.71	31.298
1886.43	-22.184
1887.14	-18.5602
1887.86	15.4689
1888.57	1.57105
1889.29	14.6427
1890	2.611
1890.71	-44.2834
1891.43	13.8657
1892.14	50.284
1892.86	-24.4994
1893.57	-21.0411
1894.29	2.35561
1895	-15.0565
1895.71	64.6712
1896.43	18.9681
1897.14	-113.897
1897.86	9.02682
1898.57	15.5637
1899.29	19.8087
1900	71.6787
1900.71	-68.6401
1901.43	-48.8066
1902.14	49.7912
1902.86	10.8664
1903.57	-22.5813
1904.29	-1.59021
1905	-38.795
1905.71	20.9639
1906.43	73.2852
1907.14	-48.6981
1907.86	-38.943
1908.57	18.7002
1909.29	-2.41203
1910	21.0914
1910.71	3.01094
1911.43	-50.1972
1912.14	9.88098
1912.86	49.571
1913.57	-25.1658
1914.29	-28.0919
1915	11.2372
1915.71	-3.63734
1916.43	23.5091
1917.14	9.55325
1917.86	-56.3125
1918.57	4.07327
1919.29	51.5344
1920	-16.6026
1920.71	-19.0234
1921.43	-0.670508
1922.14	-13.4456
1922.86	31.3261
1923.57	16.1342
1924.29	-49.8869
1925	-2.60716
1925.71	30.3245
1926.43	-3.99086
1927.14	8.19514
1927.86	-19.1567
1928.57	-38.8254
1929.29	53.7589
1930	35.145
1930.71	-73.3132
1931.43	-12.0897
1932.14	56.6557
1932.86	-6.46367
1933.57	-18.3
1934.29	-0.961663
1935	-15.3311
1935.71	22.4653
1936.43	22.5941
1937.14	-38.4198
1937.86	-11.4454
1938.57	28.6237
1939.29	-1.0836
1940	-6.21542
1940.71	-2.72347
1941.43	-14.8986
1942.14	14.0376
1942.86	17.0355
1943.57	-20.9739
1944.29	-8.34358
1945	11.2611
1945.71	-0.109089
1946.43	3.67305
1947.14	-3.03649
1947.86	-15.8929
1948.57	9.39614
1949.29	13.2486
1950	-11.194
1950.71	-4.61103
1951.43	1.07832
1952.14	-1.46713
1952.86	8.58481
1953.57	-1.60463
1954.29	-12.7077
1955	4.59002
1955.71	7.65959
1956.43	-4.75094
1957.14	-1.78568
1957.86	-1.93728
1958.57	-2.21473
1959.29	7.65849
1960	-0.225295
1960.71	-9.94833
1961.43	2.08904
1962.14	4.69991
1962.86	-1.81244
1963.57	0.300614
1964.29	-3.68907
1965	-3.29842
1965.71	7.30199
1966.43	0.815233
1967.14	-7.40542
1967.86	0.560958
1968.57	1.92118
1969.29	-0.0333938
1970	2.28898
1970.71	-4.36642
1971.43	-4.05211
1972.14	5.91836
1972.86	1.30406
1973.57	-4.59404
1974.29	-0.245331
1975	-0.41718
1975.71	0.535743
1976.43	3.34452
1977.14	-3.7947
1977.86	-4.35502
1978.57	4.70347
1979.29	1.65034
1980	-3.682
1980.71	-0.423566
1981.43	-1.15287
1982.14	0.347206
1982.86	3.75917
1983.57	-3.16149
1984.29	-4.79634
1985	4.3248
1985.71	2.50006
1986.43	-4.46677
1987.14	-0.917513
1987.86	0.714254
1988.57	-0.196926
1989.29	2.11341
1990	-1.9845
1990.71	-4.65982
1991.43	3.8949
1992.14	3.78651
1992.86	-6.09783
1993.57	-2.30078
1994.29	4.55178
1995	-0.25408
1995.71	-2.75247
1996.43	0.0190965
1997.14	-0.652227
1997.86	0.73289
1998.57	1.54769
1999.29	-2.80319
2000	-1.60624
2000.71	2.04592
2001.43	-0.0759894
2002.14	-0.682354
2002.86	-0.501375
2003.57	-2.62456
2004.29	1.59062
2005	3.52318
2005.71	-4.25197
2006.43	-3.3411
2007.14	4.25454
2007.86	0.767658
2008.57	-2.32695
2009.29	-0.236963
2010	-1.36197
2010.71	0.638022
2011.43	2.58533
2012.14	-2.58967
2012.86	-2.47503
2013.57	1.9943
2014.29	0.315044
2015	-0.378914
2015.71	-0.176017
2016.43	-2.8448
2017.14	0.670487
2017.86	3.44541
2018.57	-2.41207
2019.29	-2.68596
2020	1.51883
2020.71	0.0971069
2021.43	0.705105
2022.14	0.287952
2022.86	-4.47238
2023.57	0.540307
2024.29	5.59423
2025	-2.89102
2025.71	-3.84126
2026.43	1.23458
2027.14	-0.959563
2027.86	4.15581
2028.57	1.92777
2029.29	-9.33915
2030	0.00802422
2030.71	5.12345
2031.43	-0.76731
2032.14	0.859451
2032.86	-2.67129
2033.57	-3.67512
2034.29	4.91772
2035	2.48026
2035.71	-6.7135
2036.43	-0.894066
2037.14	1.53744
2037.86	0.0407804
2038.57	2.72065
2039.29	-2.93808
2040	-4.69374
2040.71	4.35097
2041.43	2.88826
2042.14	-5.30285
2042.86	-1.30102
2043.57	0.298318
2044.29	-0.199076
2045	3.04877
2045.71	-2.82251
2046.43	-7.05752
2047.14	5.29175
2047.86	4.23334
2048.57	-4.03511
2049.29	-0.854054
2050	-1.98158
2050.71	-0.214105
2051.43	7.00217
2052.14	-2.34607
2052.86	-6.33163
2053.57	2.61039
2054.29	2.40582
2055	-1.52524
2055.71	-0.315709
2056.43	-2.54985
2057.14	-0.948851
2057.86	7.37172
2058.57	-1.35913
2059.29	-6.29394
2060	1.18162
2060.71	0.016134
2061.43	1.69925
2062.14	2.12112
2062.86	-5.22103
2063.57	-2.11374
2064.29	7.45675
2065	-0.274385
2065.71	-4.89418
2066.43	-0.0149695
2067.14	-2.50478
2067.86	3.24024
2068.57	3.80557
2069.29	-5.25496
2070	-2.82986
2070.71	8.24087
2071.43	1.29441
2072.14	1.85163
2072.86	-0.206045
2073.57	-3.47319
2074.29	4.35745
2075	8.0155
2075.71	-7.44604
2076.43	-3.11186
2077.14	0.592506
2077.86	-0.497829
2078.57	1.56551
2079.29	-1.6351
2080	-12.5805
2080.71	5.53539
2081.43	8.97129
2082.14	-3.10601
2082.86	2.27534
2083.57	-10.5626
2084.29	-4.77229
2085	11.457
2085.71	-0.393348
2086.43	-4.14666
2087.14	-0.574441
2087.86	-3.47761
2088.57	3.05028
2089.29	4.18807
2090	-5.77498
2090.71	-2.71291
2091.43	3.28778
2092.14	-0.0945819
2092.86	0.331109
2093.57	-0.934795
2094.29	-4.09929
2095	2.14448
2095.71	3.25407
2096.43	-3.14474
2097.14	-1.66096
2097.86	0.624356
2098.57	-0.322676
2099.29	1.43764
2100	-0.577504
2100.71	-3.38306
2101.43	1.05848
2102.14	2.09788
2102.86	-1.62856
2103.57	-0.929813
2104.29	-0.457943
2105	-0.644041
2105.71	2.20908
2106.43	-0.240459
2107.14	-3.16181
2107.86	0.539549
2108.57	1.34113
2109.29	-0.589441
2110	0.0695013
2110.71	-1.50157
2111.43	-1.24893
2112.14	2.52131
2112.86	0.167893
2113.57	-2.48187
2114.29	0.0345471
2115	0.00092463
2115.71	0.373475
2116.43	1.56629
2117.14	-2.35259
2117.86	-1.8682
2118.57	2.26441
2119.29	0.325375
2120	-1.51236
2120.71	-0.194336
2121.43	-1.22098
2122.14	0.548472
2122.86	2.12202
2123.57	-2.00997
2124.29	-1.76113
2125	1.26701
2125.71	0.114112
2126.43	-0.0483111
2127.14	-0.139136
2127.86	-2.69978
2128.57	0.538229
2129.29	2.73349
2130	-1.67205
2130.71	-1.62412
2131.43	0.412038
2132.14	-0.312892
2132.86	0.920065
2133.57	0.211972
2134.29	-3.07812
2135	0.132191
2135.71	2.53253
2136.43	-1.00226
2137.14	-0.773361
2137.86	-0.636997
2138.57	-1.38129
2139.29	2.08814
2140	0.798582
2140.71	-2.68653
2141.43	-0.253105
2142.14	0.592982
2142.86	-0.157959
2143.57	0.72696
2144.29	-1.1672
2145	-1.68626
2145.71	1.51459
2146.43	0.601732
2147.14	-1.11143
2147.86	-0.209829
2148.57	-0.870402
2149.29	0.123727
2150	1.8718
2150.71	-1.36554
2151.43	-2.07256
2152.14	1.28954
2152.86	0.497449
2153.57	-0.326502
2154.29	0.0844077
2155	-2.2641
2155.71	0.0838126
2156.43	3.57824
2157.14	-1.67561
2157.86	-2.89989
2158.57	1.14915
2159.29	-0.113395
2160	1.6589
2160.71	1.23422
2161.43	-5.12285
2162.14	-0.382031
2162.86	4.44664
2163.57	-0.956037
2164.29	-1.55807
2165	-0.328098
2165.71	-1.54698
2166.43	2.74654
2167.14	2.14805
2167.86	-5.15306
2168.57	-1.00822
2169.29	3.11298
2170	-0.179123
2170.71	0.985877
2171.43	-1.71463
2172.14	-4.19532
2172.86	4.37336
2173.57	3.81094
2174.29	-5.66107
2175	-1.4993
2175.71	1.6415
2176.43	-0.0312004
2177.14	3.62156
2177.86	-2.22331
2178.57	-6.69391
2179.29	4.724
2180	4.60798
2180.71	-3.99758
2181.43	-0.847145
2182.14	-2.30522
2182.86	-0.552143
2183.57	8.11871
2184.29	-2.38391
2185	-9.71939
2185.71	4.58654
2186.43	4.80536
2187.14	-1.87799
2187.86	0.720235
2188.57	-5.62805
2189.29	-2.0504
2190	12.3158
2190.71	-1.20657
2191.43	-10.6393
2192.14	2.92207
2192.86	2.03193
2193.57	2.60452
2194.29	5.79391
2195	-12.5495
2195.71	-5.69285
2196.43	17.4578
2197.14	0.428743
2197.86	-10.9254
2198.57	1.26502
2199.29	-3.13278
2200	7.27529
2200.71	13.6184
2201.43	-19.3625
2202.14	-11.2874
2202.86	22.8928
2203.57	2.87922
2204.29	-7.87705
2205	-0.347008
2205.71	-14.3413
2206.43	13.5429
2207.14	28.3582
2207.86	-28.1186
2208.57	-20.0445
2209.29	27.4772
2210	4.80247
2210.71	8.25903
2211.43	-0.755104
2212.14	-56.9004
2212.86	30.4171
2213.57	67.1326
2214.29	-28.1073
2215	5.53447
2215.71	-46.9966
2216.43	-27.8278
2217.14	56.1567
2217.86	-0.735326
2218.57	-48.7663
2219.29	1.33469
2220	-7.45136
2220.71	9.13589
2221.43	21.3128
2222.14	-35.4072
2222.86	-27.6628
2223.57	51.8268
2224.29	7.27927
2225	-12.69
2225.71	-1.63371
2226.43	-27.5395
2227.14	16.685
2227.86	33.0221
2228.57	-27.5623
2229.29	-20.603
2230	23.8072
2230.71	4.85411
2231.43	-2.85219
2232.14	-0.515209
2232.86	-27.0821
2233.57	12.2543
2234.29	38.3747
2235	-26.5103
2235.71	-24.8596
2236.43	18.4966
2237.14	2.37923
2237.86	10.9371
2238.57	2.70761
2239.29	-38.5758
2240	8.91355
2240.71	40.3139
2241.43	-18.856
2242.14	-19.9423
2242.86	7.9304
2243.57	-2.53216
2244.29	16.8592
2245	6.51678
2245.71	-34.7852
2246.43	2.64715
2247.14	27.4664
2247.86	-7.15077
2248.57	-3.138
2249.29	-8.64317
2250	-17.8235
2250.71	35.4254
2251.43	17.4717
2252.14	-53.593
2252.86	-2.27441
2253.57	46.8317
2254.29	-10.3442
2255	-21.0773
2255.71	4.80022
2256.43	-3.61189
2257.14	12.9069
2257.86	11.5207
2258.57	-28.4537
2259.29	-5.18937
2260	25.4412
2260.71	-3.21906
2261.43	-10.2844
2262.14	0.650676
2262.86	-5.17861
2263.57	8.82575
2264.29	9.61678
2265	-16.886
2265.71	-5.06208
2266.43	11.5923
2267.14	-0.546516
2267.86	-0.23562
2268.57	-2.00817
2269.29	-8.05198
2270	6.42667
2270.71	7.06958
2271.43	-8.57972
2272.14	-3.25472
2272.86	4.0891
2273.57	-0.210847
2274.29	2.19497
2275	-1.48872
2275.71	-7.12287
2276.43	4.16426
2277.14	5.81743
2277.86	-5.31447
2278.57	-2.38892
2279.29	1.02313
2280	-0.583162
2280.71	3.69117
2281.43	-0.900196
2282.14	-6.75653
2282.86	2.45457
2283.57	4.18698
2284.29	-2.62682
2285	-1.0089
2285.71	-1.28108
2286.43	-1.32649
2287.14	4.58185
2287.86	-0.12174
2288.57	-5.4867
2289.29	1.02073
2290	2.31807
2290.71	-0.800813
2291.43	0.291526
2292.14	-2.1119
2292.86	-1.8706
2293.57	3.90041
2294.29	0.472448
2295	-4.27094
2295.71	0.32409
2296.43	1.31767
2297.14	-0.160771
2297.86	1.28421
2298.57	-2.52988
2299.29	-2.52373
2300	3.75283
2300.71	0.963818
2301.43	-4.00441
2302.14	-0.0587292
2302.86	1.2467
2303.57	-0.182192
2304.29	1.43727
2305	-2.32939
2305.71	-3.2283
2306.43	4.2339
2307.14	2.04726
2307.86	-5.66353
2308.57	-0.63763
2309.29	3.46627
2310	-0.686133
2310.71	-0.165433
2311.43	-1.249
2312.14	-3.16208
2312.86	4.06865
2313.57	3.3501
2314.29	-7.71963
2315	-1.93146
2315.71	7.58678
2316.43	-0.986272
2317.14	-5.17136
2317.86	1.14124
2318.57	0.808311
2319.29	0.333966
2320	1.27214
2320.71	-3.6258
2321.43	-1.69502
2322.14	4.28062
2322.86	-0.152236
2323.57	-2.65223
2324.29	-0.112439
2325	-1.883
2325.71	2.1684
2326.43	3.79467
2327.14	-5.64113
2327.86	-3.34139
2328.57	6.32442
2329.29	0.610149
2330	-4.16852
2330.71	0.205497
2331.43	-0.194055
2332.14	0.799688
2332.86	2.67728
2333.57	-3.66576
2334.29	-2.96874
2335	4.12875
2335.71	0.766837
2336.43	-2.38098
2337.14	-0.138278
2337.86	-1.75264
2338.57	1.14438
2339.29	4.01624
2340	-3.95987
2340.71	-3.97344
2341.43	4.45274
2342.14	1.07147
2342.86	-0.663016
2343.57	0.00250205
2344.29	-6.28062
2345	2.30371
2345.71	8.02748
2346.43	-4.21569
2347.14	-3.10645
2347.86	0.102344
2348.57	-1.21329
2349.29	4.41191
2350	0.867182
2350.71	-7.0277
2351.43	0.98792
2352.14	6.11667
2352.86	-1.91405
2353.57	-0.991124
2354.29	-1.75493
2355	-2.44294
2355.71	4.64259
2356.43	1.59669
2357.14	-6.93292
2357.86	-0.192262
2358.57	4.00349
2359.29	-0.803552
2360	0.0492424
2360.71	-2.11124
2361.43	-3.69284
2362.14	5.72095
2362.86	3.19935
2363.57	-8.17622
2364.29	-1.02701
2365	3.42403
2365.71	-0.0638166
2366.43	3.48366
2367.14	-4.01485
2367.86	-7.30701
2368.57	6.95391
2369.29	4.12174
2370	-5.24832
2370.71	-0.943875
2371.43	-0.893835
2372.14	0.120136
2372.86	4.18848
2373.57	-2.89864
2374.29	-7.48279
2375	5.97184
2375.71	4.92596
2376.43	-3.97602
2377.14	-0.366937
2377.86	-3.98144
2378.57	-0.323534
2379.29	7.11597
2380	-2.15762
2380.71	-6.44177
2381.43	3.25823
2382.14	3.07189
2382.86	-0.703194
2383.57	1.49358
2384.29	-8.21456
2385	-1.97026
2385.71	7.55153
2386.43	-1.79213
2387.14	-7.53567
2387.86	1.38361
2388.57	-0.760313
2389.29	3.73337
2390	4.35615
2390.71	-8.4015
2391.43	-2.62605
2392.14	9.87849
2392.86	0.550253
2393.57	0.111856
2394.29	-0.423905
2395	-3.41431
2395.71	6.21006
2396.43	10.1896
2397.14	-14.3106
2397.86	-4.77714
2398.57	0.68682
2399.29	-0.85129
2400	13.5394
2400.71	-4.06236
2401.43	-11.2582
2402.14	3.28708
2402.86	0.958137
2403.57	1.71805
2404.29	2.37419
2405	-7.36915
2405.71	-1.82566
2406.43	6.86485
2407.14	-1.09269
2407.86	-3.79993
2408.57	0.116167
2409.29	-1.39689
2410	2.06944
2410.71	2.40862
2411.43	-4.91427
2412.14	-1.76435
2412.86	3.43175
2413.57	-0.251647
2414.29	-0.642103
2415	-0.734327
2415.71	-2.46853
2416.43	1.86346
2417.14	2.3276
2417.86	-3.33667
2418.57	-1.52766
2419.29	1.57333
2420	-0.159423
2420.71	0.278904
2421.43	-0.792025
2422.14	-2.96712
2422.86	1.46767
2423.57	2.0707
2424.29	-2.10277
2425	-1.1108
2425.71	0.133563
2426.43	-0.312748
2427.14	1.75905
2427.86	-0.555095
2428.57	-3.09212
2429.29	0.998543
2430	1.69007
2430.71	-1.03496
2431.43	-0.239283
2432.14	-1.35274
2432.86	-0.921806
2433.57	2.53089
2434.29	-0.156332
2435	-2.4229
2435.71	0.288006
2436.43	0.400326
2437.14	0.117259
2437.86	0.963572
2438.57	-2.26639
2439.29	-1.46103
2440	2.45541
2440.71	0.0935809
2441.43	-1.7377
2442.14	-0.0717458
2442.86	-0.539391
2443.57	0.553604
2444.29	1.73249
2445	-2.28803
2445.71	-1.68607
2446.43	1.60261
2447.14	0.0907407
2447.86	-0.201961
2448.57	-0.246498
2449.29	-2.01401
2450	0.755917
2450.71	2.52726
2451.43	-2.15287
2452.14	-1.91525
2452.86	1.0047
2453.57	-0.163327
2454.29	1.07429
2455	0.0562295
2455.71	-3.19522
2456.43	0.504235
2457.14	2.1252
2457.86	-1.05838
2458.57	-0.603871
2459.29	-0.456105
2460	-0.863441
2460.71	1.59827
2461.43	0.335157
2462.14	-2.4863
2462.86	0.0244541
2463.57	1.0963
2464.29	-0.407269
2465	0.0256032
2465.71	-0.814769
2466.43	-1.16706
2467.14	1.61749
2467.86	0.538167
2468.57	-1.8137
2469.29	-0.143021
2470	0.226767
2470.71	0.0324956
2471.43	1.2343
2472.14	-1.57548
2472.86	-2.17341
2473.57	2.34177
2474.29	0.895931
2475	-1.32688
2475.71	-0.11074
2476.43	-2.14423
2477.14	0.643855
2477.86	3.71061
2478.57	-2.08829
2479.29	-2.51816
2480	1.25632
2480.71	0.166015
2481.43	0.935254
2482.14	0.480556
2482.86	-3.76493
2483.57	0.288968
2484.29	4.61751
2485	-1.62221
2485.71	-2.41139
2486.43	0.465121
2487.14	-0.563108
2487.86	2.08891
2488.57	1.29999
2489.29	-4.63258
2490	-0.340297
2490.71	4.16021
2491.43	-0.66224
2492.14	-0.521184
2492.86	-1.12633
2493.57	-2.7465
2494.29	4.21444
2495	2.91979
2495.71	-6.10698
2496.43	-1.02714
2497.14	3.32834
2497.86	-0.0654612
2498.57	1.83698
2499.29	-2.1488
2500	-5.14931
2500.71	5.16263
2501.43	4.13043
2502.14	-5.17879
2502.86	-1.1451
2503.57	0.368006
2504.29	0.226501
2505	5.79058
2505.71	-2.95849
2506.43	-8.69347
2507.14	6.1921
2507.86	5.70327
2508.57	-4.15281
2509.29	-0.469956
2510	-3.10975
2510.71	-0.503672
2511.43	10.7018
2512.14	-2.58302
2512.86	-10.8249
2513.57	5.16024
2514.29	4.64748
2515	-0.168052
2515.71	2.74273
2516.43	-9.78473
2517.14	-2.88837
2517.86	18.2336
2518.57	-1.5412
2519.29	-14.3614
2520	4.35929
2520.71	2.28648
2521.43	5.30416
2522.14	10.133
2522.86	-19.9753
2523.57	-8.57656
2524.29	29.4792
2525	1.31507
2525.71	-16.4487
2526.43	2.36348
2527.14	-10.447
2527.86	21.38
2528.57	38.2833
2529.29	-47.0775
2530	-20.1252
2530.71	22.939
2531.43	0.871866
2532.14	54.8163
2532.86	-6.00851
2533.57	-34.3494
2534.29	18.6101
2535	25.7253
2535.71	-11.8292
2536.43	4.60963
2537.14	-29.4566
2537.86	-11.0572
2538.57	28.4298
2539.29	-4.91478
2540	-36.3809
2540.71	7.29252
2541.43	4.77641
2542.14	6.30425
2542.86	16.3783
2543.57	-31.7428
2544.29	-14.3117
2545	26.9425
2545.71	0.116625
2546.43	-13.8315
2547.14	-0.129135
2547.86	-5.91545
2548.57	7.52894
2549.29	16.9602
2550	-25.1008
2550.71	-16.7145
2551.43	26.7969
2552.14	3.13066
2552.86	-10.2127
2553.57	-1.53962
2554.29	-17.7609
2555	11.9534
2555.71	27.4647
2556.43	-25.6978
2557.14	-18.9697
2557.86	18.8866
2558.57	2.48664
2559.29	2.16356
2560	-1.05131
2560.71	-26.4372
2561.43	10.0708
2562.14	29.6342
2562.86	-20.0735
2563.57	-17.9824
2564.29	12.2294
2565	1.17011
2565.71	6.66897
2566.43	1.30404
2567.14	-23.6133
2567.86	4.95903
2568.57	22.3669
2569.29	-10.0167
2570	-8.073
2570.71	-1.62626
2571.43	-7.42127
2572.14	21.9707
2572.86	7.16789
2573.57	-39.0821
2574.29	3.1407
2575	37.3544
2575.71	-13.4448
2576.43	-20.5038
2577.14	8.49019
2577.86	1.3613
2578.57	5.31928
2579.29	4.72543
2580	-20.2188
2580.71	-1.37357
2581.43	21.5531
2582.14	-5.49352
2582.86	-11.2184
2583.57	2.49509
2584.29	-1.62082
2585	4.76476
2585.71	4.23526
2586.43	-11.166
2587.14	-2.19852
2587.86	9.07366
2588.57	-1.6103
2589.29	-4.0656
2590	-0.207815
2590.71	-2.678
2591.43	3.44204
2592.14	3.6109
2592.86	-7.37472
2593.57	-2.41345
2594.29	5.09726
2595	-0.544753
2595.71	-1.00753
2596.43	-1.09669
2597.14	-3.98247
2597.86	3.10576
2598.57	3.67527
2599.29	-5.24224
2600	-2.19434
2600.71	2.16735
2601.43	-0.353661
2602.14	1.02265
2602.86	-1.17815
2603.57	-4.49065
2604.29	2.08075
2605	2.87852
2605.71	-2.90012
2606.43	-1.42095
2607.14	0.0201087
2607.86	-0.606365
2608.57	1.88331
2609.29	-0.660418
2610	-3.8751
2610.71	1.08067
2611.43	2.22985
2612.14	-1.86764
2612.86	-0.934786
2613.57	-0.80755
2614.29	-1.00696
2615	2.31569
2615.71	-0.250844
2616.43	-3.49081
2617.14	0.501601
2617.86	1.69737
2618.57	-1.17084
2619.29	-0.433774
2620	-1.25807
2620.71	-1.42582
2621.43	2.66285
2622.14	0.213414
2622.86	-4.08871
2623.57	0.25323
2624.29	2.41146
2625	-1.24121
2625.71	-0.559383
2626.43	-1.34104
2627.14	-2.12266
2627.86	3.60545
2628.57	1.17826
2629.29	-6.31509
2630	-0.0649755
2630.71	5.22472
2631.43	-1.97604
2632.14	-2.55333
2632.86	-0.151974
2633.57	-1.85583
2634.29	3.57537
2635	2.34289
2635.71	-8.73965
2636.43	-1.12247
2637.14	9.68181
2637.86	-2.63696
2638.57	-8.05454
2639.29	2.96824
2640	2.46105
2640.71	-0.972734
2641.43	0.614627
2642.14	-4.30056
2642.86	-1.52816
2643.57	5.67734
2644.29	-0.997434
2645	-4.46064
2645.71	0.582183
2646.43	-0.643663
2647.14	1.67711
2647.86	2.87552
2648.57	-6.63507
2649.29	-3.04614
2650	8.31892
2650.71	-0.246865
2651.43	-6.97437
2652.14	1.09835
2652.86	1.46793
2653.57	0.0841996
2654.29	1.99885
2655	-4.811
2655.71	-3.34852
2656.43	6.91883
2657.14	0.544564
2657.86	-6.00229
2658.57	0.323839
2659.29	-0.654357
2660	1.82164
2660.71	5.38852
2661.43	-7.26425
2662.14	-5.07533
2662.86	5.96772
2663.57	0.626777
2664.29	0.18081
2665	-0.651438
2665.71	-5.42807
2666.43	2.40039
2667.14	6.14813
2667.86	-5.13508
2668.57	-4.21224
2669.29	2.74329
2670	0.00197967
2670.71	2.91483
2671.43	-0.00505046
2672.14	-6.45399
2672.86	1.77797
2673.57	6.6947
2674.29	-3.74434
2675	-3.2679
2675.71	0.472778
2676.43	-0.908998
2677.14	3.27693
2677.86	0.618799
2678.57	-8.61045
2679.29	0.818119
2680	7.06662
2680.71	-2.8423
2681.43	-2.56605
2682.14	-1.45479
2682.86	-3.5831
2683.57	8.06571
2684.29	2.96738
2685	-10.4397
2685.71	-0.125339
2686.43	4.60165
2687.14	-0.274405
2687.86	2.8015
2688.57	-4.23508
2689.29	-5.54629
2690	6.77837
2690.71	3.52241
2691.43	-8.89348
2692.14	-1.22665
2692.86	3.72528
2693.57	0.0595993
2694.29	5.32566
2695	-5.30329
2695.71	-8.84632
2696.43	7.42297
2697.14	4.03214
2697.86	-5.09234
2698.57	-0.943652
2699.29	0.253307
2700	0.561023
2700.71	8.90571
2701.43	-4.57615
2702.14	-9.02342
2702.86	5.21856
2703.57	3.1068
2704.29	-1.40927
2705	0.482021
2705.71	-5.98488
2706.43	-0.174738
2707.14	13.8115
2707.86	-3.44518
2708.57	-7.67791
2709.29	2.06997
2710	0.215806
2710.71	2.81817
2711.43	3.45296
2712.14	-12.3121
2712.86	-2.52352
2713.57	17.8128
2714.29	-1.17508
2715	2.79106
2715.71	-6.13501
2716.43	-13.7079
2717.14	11.8726
2717.86	6.53721
2718.57	-5.46961
2719.29	-0.35739
2720	-4.42123
2720.71	0.29433
2721.43	8.01122
2722.14	-3.33798
2722.86	-6.19237
2723.57	2.839
2724.29	1.26744
2725	0.0557073
2725.71	0.735239
2726.43	-5.09168
2727.14	-0.641854
2727.86	5.75982
2728.57	-1.74243
2729.29	-4.01069
2730	0.779452
2730.71	-0.326502
2731.43	1.19283
2732.14	1.20557
2732.86	-4.08508
2733.57	-1.04256
2734.29	3.48881
2735	-0.670376
2735.71	-1.7455
2736.43	-0.329124
2737.14	-1.34952
2737.86	1.57695
2738.57	1.66411
2739.29	-3.71018
2740	-1.34562
2740.71	2.0195
2741.43	-0.324867
2742.14	-0.487447
2742.86	-0.874658
2743.57	-2.42456
2744.29	1.56536
2745	1.76023
2745.71	-2.66798
2746.43	-1.22393
2747.14	0.579069
2747.86	-0.259251
2748.57	1.39436
2749.29	-0.956421
2750	-3.00891
2750.71	1.15089
2751.43	1.38037
2752.14	-1.42816
2752.86	-0.576119
2753.57	-0.957137
2754.29	-0.642214
2755	2.16787
2755.71	-0.613516
2756.43	-2.50865
2757.14	0.425223
2757.86	0.544981
2758.57	-0.365392
2759.29	0.205519
2760	-2.04537
2760.71	-1.18279
2761.43	2.57671
2762.14	-0.274411
2762.86	-2.08103
2763.57	-0.081892
2764.29	-0.417431
2765	0.258267
2765.71	0.913984
2766.43	-2.25659
2767.14	-1.56107
2767.86	2.02508
2768.57	-0.0255156
2769.29	-0.857072
2770	-0.442214
2770.71	-2.2248
2771.43	0.940999
2772.14	2.19378
2772.86	-2.39035
2773.57	-1.53403
2774.29	0.662962
2775	-0.35974
2775.71	0.522058
2776.43	-0.39115
2777.14	-2.49699
2777.86	0.491193
2778.57	1.57604
2779.29	-1.48404
2780	-1.05655
2780.71	-0.0990075
2781.43	-0.600234
2782.14	0.851131
2782.86	-0.167466
2783.57	-2.61618
2784.29	0.149356
2785	1.39266
2785.71	-1.08585
2786.43	-0.784803
2787.14	-0.583532
2787.86	-1.0061
2788.57	1.64602
2789.29	0.158326
2790	-3.0057
2790.71	-0.0817938
2791.43	0.65813
2792.14	-0.165822
2792.86	1.06297
2793.57	-2.40309
2794.29	-2.30361
2795	2.29895
2795.71	0.362625
2796.43	-1.46441
2797.14	-0.436335
2797.86	-1.47307
2798.57	0.401769
2799.29	2.36408
2800	-2.5543
2800.71	-2.81535
2801.43	1.87666
2802.14	0.301892
2802.86	-0.115352
2803.57	-0.202509
2804.29	-3.22461
2805	0.423931
2805.71	3.91704
2806.43	-2.5786
2807.14	-3.30322
2807.86	1.26037
2808.57	-0.10356
2809.29	1.06002
2810	0.362845
2810.71	-4.54165
2811.43	-0.00422411
2812.14	4.29303
2812.86	-1.72478
2813.57	-2.0172
2814.29	-0.736771
2815	-1.95159
2815.71	3.44654
2816.43	1.62539
2817.14	-6.61288
2817.86	-0.753601
2818.57	3.90816
2819.29	-0.986489
2820	-0.444575
2820.71	-1.98315
2821.43	-3.97209
2822.14	4.85797
2822.86	3.10263
2823.57	-7.04109
2824.29	-1.498
2825	2.22092
2825.71	-0.228477
2826.43	3.4689
2827.14	-3.84049
2827.86	-7.98621
2828.57	6.7378
2829.29	4.96349
2830	-7.04399
2830.71	-1.72454
2831.43	-0.86981
2832.14	-0.282211
2832.86	7.85533
2833.57	-4.62572
2834.29	-11.9362
2835	7.21711
2835.71	6.04071
2836.43	-4.73152
2837.14	-0.305712
2837.86	-8.17186
2838.57	-1.73941
2839.29	18.6606
2840	-5.65919
2840.71	-20.1372
2841.43	8.18298
2842.14	6.22469
2842.86	1.44732
2843.57	7.89382
2844.29	-30.7725
2845	-9.58398
2845.71	45.5077
2846.43	-3.71075
2847.14	-3.99136
2847.86	-11.0214
2848.57	-36.2378
2849.29	30.6471
2850	19.7154
2850.71	-15.5718
2851.43	-2.97865
2852.14	12.1459
2852.86	3.09596
2853.57	30.1961
2854.29	-7.74403
2855	-22.9885
2855.71	14.7933
2856.43	14.1748
2857.14	-9.54236
2857.86	-0.656396
2858.57	-9.13715
2859.29	-2.33075
2860	31.0448
2860.71	-5.19087
2861.43	-21.2497
2862.14	6.76255
2862.86	3.43479
2863.57	3.01759
2864.29	5.56717
2865	-14.1419
2865.71	-4.91826
2866.43	23.0663
2867.14	-1.44337
2867.86	-18.5822
2868.57	4.28236
2869.29	1.30081
2870	6.13616
2870.71	11.9996
2871.43	-21.7878
2872.14	-10.3092
2872.86	25.2123
2873.57	1.21141
2874.29	-9.83753
2875	-0.30423
2875.71	-9.9528
2876.43	10.973
2877.14	18.7845
2877.86	-21.9956
2878.57	-12.4997
2879.29	18.5162
2880	2.00391
2880.71	-2.40775
2881.43	-1.50016
2882.14	-16.6905
2882.86	10.2795
2883.57	21.3412
2884.29	-18.9013
2885	-13.9216
2885.71	15.2034
2886.43	2.59557
2887.14	0.283102
2887.86	-0.292187
2888.57	-14.7856
2889.29	6.19818
2890	17.593
2890.71	-11.1091
2891.43	-8.86262
2892.14	3.74291
2892.86	-1.98558
2893.57	13.2236
2894.29	2.18259
2895	-27.2887
2895.71	6.36653
2896.43	29.0456
2897.14	-14.834
2897.86	-18.212
2898.57	11.7323
2899.29	3.33528
2900	1.47245
2900.71	2.01516
2901.43	-13.5229
2902.14	1.20709
2902.86	15.2101
2903.57	-5.92502
2904.29	-9.66351
2905	5.0051
2905.71	1.99815
2906.43	0.189526
2907.14	1.23889
2907.86	-6.637
2908.57	-0.467446
2909.29	8.15647
2910	-2.32143
2910.71	-5.22765
2911.43	1.58308
2912.14	0.0435606
2912.86	1.57524
2913.57	1.78276
2914.29	-5.49477
2915	-1.133
2915.71	5.05455
2916.43	-0.840254
2917.14	-2.21275
2917.86	-0.196499
2918.57	-1.66442
2919.29	2.2107
2920	2.21541
2920.71	-4.23151
2921.43	-1.36097
2922.14	2.56259
2922.86	-0.268602
2923.57	-0.443944
2924.29	-0.599283
2925	-2.13809
2925.71	1.51517
2926.43	1.91393
2927.14	-2.79797
2927.86	-1.26843
2928.57	1.41
2929.29	-0.205959
2930	0.471081
2930.71	-0.595632
2931.43	-2.50503
2932.14	1.12581
2932.86	1.74563
2933.57	-2.021
2934.29	-1.12828
2935	0.650572
2935.71	-0.287678
2936.43	0.881909
2937.14	-0.413151
2937.86	-2.5554
2938.57	0.824825
2939.29	1.86273
2940	-1.72909
2940.71	-1.19273
2941.43	0.335787
2942.14	-0.481646
2942.86	1.60063
2943.57	-0.117601
2944.29	-3.69993
2945	0.854239
2945.71	3.05265
2946.43	-2.14008
2947.14	-1.75666
2947.86	0.344294
2948.57	-0.841543
2949.29	2.69978
2950	0.530672
2950.71	-6.40712
2951.43	0.947511
2952.14	6.45052
2952.86	-3.34521
2953.57	-4.20943
2954.29	1.85847
2955	-0.124075
2955.71	2.2388
2956.43	1.33551
2957.14	-9.11928
2957.86	0.19915
2958.57	11.8531
2959.29	-4.72521
2960	-10.1871
2960.71	5.63991
2961.43	4.01287
2962.14	-3.00113
2962.86	-0.213874
2963.57	-3.41769
2964.29	-0.740221
2965	6.5637
2965.71	-2.05787
2966.43	-6.32165
2967.14	2.26171
2967.86	1.34621
2968.57	0.326709
2969.29	1.74132
2970	-6.86008
2970.71	-2.22464
2971.43	10.5367
2972.14	-1.67796
2972.86	-10.3962
2973.57	3.36561
2974.29	4.06284
2975	-1.2838
2975.71	1.53642
2976.43	-6.91594
2977.14	-3.5515
2977.86	11.2933
2978.57	-0.376902
2979.29	-7.70878
2980	0.575918
2980.71	-1.02595
2981.43	2.31277
2982.14	4.18
2982.86	-7.10344
2983.57	-4.19716
2984.29	7.96998
2985	0.589982
2985.71	-3.53372
2986.43	-0.574007
2987.14	-3.93486
2987.86	2.93312
2988.57	5.77097
2989.29	-6.55479
2990	-4.80705
2990.71	6.04045
2991.43	0.895638
2992.14	-0.233903
2992.86	-0.507477
2993.57	-5.6835
2994.29	2.91085
2995	8.06427
2995.71	-6.77893
2996.43	-5.65529
2997.14	3.89135
2997.86	0.211799
2998.57	2.25905
2999.29	-0.257092
3000	-11.4113
3000.71	2.71702
3001.43	9.61916
3002.14	-4.92009
3002.86	-3.3928
3003.57	-1.44366
3004.29	-3.18345
3005	8.45704
3005.71	1.39972
3006.43	-10.8198
3007.14	0.73013
3007.86	6.37346
3008.57	-2.60135
3009.29	-1.93317
3010	-2.61456
3010.71	-5.19046
3011.43	10.4868
3012.14	3.68321
3012.86	-13.5412
3013.57	-0.673796
3014.29	2.94373
3015	-0.526495
3015.71	2.3953
3016.43	-5.23372
3017.14	-8.17824
3017.86	10.5901
3018.57	4.99127
3019.29	-11.6272
3020	-1.85528
3020.71	-2.8494
3021.43	-0.160811
3022.14	5.25843
3022.86	-7.02512
3023.57	-13.3061
3024.29	11.1438
3025	4.14065
3025.71	-0.102561
3026.43	0.877898
3027.14	-4.66395
3027.86	1.70562
3028.57	18.5665
3029.29	-8.38085
3030	-14.3725
3030.71	4.42497
3031.43	-4.08453
3032.14	15.6483
3032.86	7.20371
3033.57	-16.624
3034.29	0.0495395
3035	4.38201
3035.71	0.978852
3036.43	6.04942
3037.14	-5.27947
3037.86	-6.92506
3038.57	7.76343
3039.29	3.44879
3040	-4.22929
3040.71	-0.202662
3041.43	-1.15243
3042.14	0.878389
3042.86	5.2932
3043.57	-3.10182
3044.29	-4.7693
3045	3.74461
3045.71	1.79119
3046.43	-0.866711
3047.14	0.277829
3047.86	-3.36879
3048.57	0.332659
3049.29	5.06583
3050	-2.0085
3050.71	-3.67731
3051.43	1.82803
3052.14	0.786936
3052.86	0.342851
3053.57	0.608095
3054.29	-3.24366
3055	-0.24659
3055.71	3.8448
3056.43	-0.932956
3057.14	-2.13113
3057.86	0.33868
3058.57	-0.418058
3059.29	1.39719
3060	1.22511
3060.71	-3.46518
3061.43	-0.746747
3062.14	2.68625
3062.86	-0.374996
3063.57	-0.821786
3064.29	-0.601428
3065	-1.78593
3065.71	1.89598
3066.43	1.58107
3067.14	-2.58044
3067.86	-0.781758
3068.57	1.04493
3069.29	-0.0795924
3070	0.928154
3070.71	-0.955188
3071.43	-2.47419
3072.14	1.55919
3072.86	1.33677
3073.57	-1.51029
3074.29	-0.542732
3075	-0.133238
3075.71	-0.168627
3076.43	1.83829
3077.14	-0.752308
3077.86	-2.57005
3078.57	0.962214
3079.29	0.865081
3080	-0.409838
3080.71	0.0782502
3081.43	-1.41419
3082.14	-0.56751
3082.86	2.452
3083.57	-0.433006
3084.29	-2.53205
3085	0.434428
3085.71	0.138014
3086.43	0.397738
3087.14	1.04129
3087.86	-2.31998
3088.57	-1.09146
3089.29	1.93969
3090	-0.153059
3090.71	-0.507593
3091.43	-0.292141
3092.14	-1.42445
3092.86	0.91073
3093.57	1.46853
3094.29	-2.03825
3095	-1.09675
3095.71	1.1316
3096.43	-0.109993
3097.14	-0.157892
3097.86	-0.32157
3098.57	-1.6253
3099.29	0.699782
3100	1.55089
3100.71	-1.75871
3101.43	-1.1487
3102.14	0.72565
3102.86	-0.2196
3103.57	0.452919
3104.29	-0.291427
3105	-2.62317
3105.71	0.796869
3106.43	2.0897
3107.14	-1.56805
3107.86	-0.897011
3108.57	-0.590754
3109.29	-0.823897
3110	2.28435
3110.71	-0.0557129
3111.43	-2.78934
3112.14	0.141993
3112.86	0.596201
3113.57	-0.169371
3114.29	0.42998
3115	-1.77671
3115.71	-1.54909
3116.43	2.57089
3117.14	0.312081
3117.86	-2.23201
3118.57	-0.262884
3119.29	-0.698146
3120	0.475535
3120.71	1.73892
3121.43	-2.47859
3122.14	-2.40908
3122.86	2.70448
3123.57	0.548574
3124.29	-1.16049
3125	-0.31906
3125.71	-2.50534
3126.43	0.874429
3127.14	3.5836
3127.86	-3.07048
3128.57	-3.32645
3129.29	2.39723
3130	0.480632
3130.71	0.272319
3131.43	-0.0253366
3132.14	-4.01857
3132.86	0.660239
3133.57	4.39696
3134.29	-2.36629
3135	-2.55831
3135.71	0.277842
3136.43	-0.80691
3137.14	2.46413
3137.86	0.722911
3138.57	-6.4523
3139.29	0.0636339
3140	5.09647
3140.71	-1.862
3141.43	-1.93772
3142.14	-1.11333
3142.86	-2.77332
3143.57	4.91844
3144.29	2.31635
3145	-7.93963
3145.71	-0.781355
3146.43	4.18287
3147.14	-0.767378
3147.86	1.31174
3148.57	-3.66812
3149.29	-6.46314
3150	7.66543
3150.71	4.55088
3151.43	-10.0484
3152.14	-1.90877
3152.86	2.58997
3153.57	-0.244959
3154.29	6.03361
3155	-6.32783
3155.71	-13.1366
3156.43	11.2598
3157.14	7.94909
3157.86	-10.6437
3158.57	-2.06237
3159.29	-7.56449
3160	-0.242975
3160.71	27.6249
3161.43	-14.0102
3162.14	-29.8198
3162.86	9.44773
3163.57	-5.95903
3164.29	23.6854
3165	13.7431
3165.71	-32.2964
3166.43	-2.32836
3167.14	14.02
3167.86	-2.12614
3168.57	-0.220707
3169.29	-6.17156
3170	-16.4742
3170.71	21.4143
3171.43	13.0314
3172.14	-17.8753
3172.86	-2.27881
3173.57	2.49301
3174.29	0.319645
3175	8.94939
3175.71	-7.48795
3176.43	-19.4853
3177.14	17.0205
3177.86	11.6144
3178.57	-8.05374
3179.29	0.249847
3180	-7.95687
3180.71	0.190885
3181.43	15.5027
3182.14	-5.09444
3182.86	-14.7192
3183.57	9.2424
3184.29	8.35933
3185	-4.36451
3185.71	1.02719
3186.43	-10.2107
3187.14	-2.09741
3187.86	20.9
3188.57	-4.09109
3189.29	-16.8799
3190	5.48724
3190.71	2.19425
3191.43	4.63682
3192.14	7.30587
3192.86	-17.1997
3193.57	-5.18783
3194.29	20.3113
3195	-0.954382
3195.71	-9.4181
3196.43	0.759939
3197.14	-4.68516
3197.86	8.42225
3198.57	11.6161
3199.29	-17.9862
3200	-7.57967
3200.71	16.7476
3201.43	0.588143
3202.14	-5.44197
3202.86	-1.0021
3203.57	-9.66793
3204.29	9.06803
3205	14.595
3205.71	-17.1274
3206.43	-10.0687
3207.14	16.3223
3207.86	2.12318
3208.57	-4.18335
3209.29	-0.536735
3210	-9.05974
3210.71	6.08455
3211.43	12.7047
3212.14	-10.9602
3212.86	-7.77649
3213.57	7.35363
3214.29	0.489092
3215	6.55068
3215.71	-0.222799
3216.43	-20.0297
3217.14	7.86321
3217.86	21.6492
3218.57	-14.1678
3219.29	-13.152
3220	12.1355
3220.71	3.58473
3221.43	-3.2565
3222.14	0.235026
3222.86	-6.54039
3223.57	2.05547
3224.29	10.9021
3225	-6.36958
3225.71	-8.73636
3226.43	6.9923
3227.14	3.17718
3227.86	-2.68647
3228.57	0.121198
3229.29	-3.4453
3230	0.459739
3230.71	6.51364
3231.43	-2.77784
3232.14	-4.93816
3232.86	2.74102
3233.57	1.27802
3234.29	-0.0170256
3235	0.630502
3235.71	-3.53661
3236.43	-0.243297
3237.14	4.19411
3237.86	-1.06888
3238.57	-2.42274
3239.29	0.627643
3240	-0.117698
3240.71	0.90097
3241.43	0.995813
3242.14	-2.82584
3242.86	-0.629091
3243.57	2.82909
3244.29	-0.490386
3245	-1.52778
3245.71	0.0989891
3246.43	-0.736568
3247.14	1.06861
3247.86	1.20243
3248.57	-2.24466
3249.29	-0.759967
3250	1.92701
3250.71	-0.190063
3251.43	-0.786955
3252.14	-0.162274
3252.86	-1.12316
3253.57	0.995117
3254.29	1.3173
3255	-1.95448
3255.71	-0.96335
3256.43	1.70645
3257.14	-9.27891e-05
3257.86	-0.570259
3258.57	-0.187549
3259.29	-1.52668
3260	1.03995
3260.71	1.86572
3261.43	-2.11593
3262.14	-1.31321
3262.86	1.74404
3263.57	0.0764246
3264.29	0.132248
3265	-0.21423
3265.71	-2.87163
3266.43	1.46729
3267.14	3.48798
3267.86	-3.023
3268.57	-2.29108
3269.29	2.13974
3270	0.126383
3270.71	1.11458
3271.43	0.00912473
3272.14	-5.50482
3272.86	2.06535
3273.57	7.54164
3274.29	-5.15812
3275	-5.65131
3275.71	4.52961
3276.43	1.16651
3277.14	0.575644
3277.86	0.611932
3278.57	-8.57539
3279.29	1.82488
3280	12.994
3280.71	-7.144
3281.43	-11.7233
3282.14	9.41268
3282.86	5.7477
3283.57	-6.4486
3284.29	-0.929834
3285	-1.02297
3285.71	0.0731823
3286.43	7.01266
3287.14	-3.36738
3287.86	-8.16925
3288.57	5.19685
3289.29	3.77364
3290	-2.39446
3290.71	0.589685
3291.43	-6.43483
3292.14	-0.944474
3292.86	14.1717
3293.57	-4.21801
3294.29	-14.1775
3295	6.36568
3295.71	5.0929
3296.43	-1.09058
3297.14	1.62453
3297.86	-7.5996
3298.57	-2.20052
3299.29	12.0977
3300	-1.71418
3300.71	-10.6889
3301.43	2.97812
3302.14	2.17964
3302.86	1.44432
3303.57	3.42231
3304.29	-8.07308
3305	-3.4777
3305.71	10.952
3306.43	-0.0193541
3307.14	-7.4822
3307.86	0.889465
3308.57	-0.996519
3309.29	3.18485
3310	5.83283
3310.71	-8.81949
3311.43	-5.08197
3312.14	10.7325
3312.86	1.22283
3313.57	-4.09399
3314.29	-0.201198
3315	-5.01796
3315.71	5.06655
3316.43	10.3778
3317.14	-10.6549
3317.86	-6.85323
3318.57	7.55744
3319.29	0.784343
3320	3.03022
3320.71	-0.78757
3321.43	-11.8933
3322.14	5.18772
3322.86	10.5373
3323.57	-6.14285
3324.29	-3.6872
3325	1.36557
3325.71	-0.583882
3326.43	5.30068
3327.14	0.418533
3327.86	-13.3275
3328.57	4.12166
3329.29	13.1201
3330	-5.20782
3330.71	-1.72966
3331.43	-3.75393
3332.14	-4.4825
3332.86	11.5987
3333.57	2.44728
3334.29	-13.9451
3335	2.22045
3335.71	11.7278
3336.43	-1.93419
3337.14	3.87668
3337.86	-8.74085
3338.57	-8.41126
3339.29	11.42
3340	3.48457
3340.71	-19.6838
3341.43	-2.27331
3342.14	-3.34002
3342.86	0.100422
3343.57	5.47665
3344.29	-10.5318
3345	-16.8247
3345.71	20.428
3346.43	6.28237
3347.14	-0.428652
3347.86	1.07836
3348.57	-23.0263
3349.29	5.20074
3350	16.9314
3350.71	-5.42326
3351.43	-1.95591
3352.14	-3.38856
3352.86	-4.43952
3353.57	10.3708
3354.29	2.3099
3355	-10.098
3355.71	0.67055
3356.43	3.61282
3357.14	-0.0901371
3357.86	2.32942
3358.57	-3.8835
3359.29	-4.33462
3360	6.56152
3360.71	2.19358
3361.43	-5.37342
3362.14	-0.194391
3362.86	0.445117
3363.57	0.592429
3364.29	3.38907
3365	-3.27554
3365.71	-3.96527
3366.43	4.06108
3367.14	1.53648
3367.86	-1.95608
3368.57	-0.157083
3369.29	-1.92481
3370	0.670422
3370.71	4.19242
3371.43	-2.568
3372.14	-3.64309
3372.86	2.53814
3373.57	1.14595
3374.29	-0.674705
3375	0.0672049
3375.71	-2.60529
3376.43	0.162308
3377.14	3.64592
3377.86	-1.51794
3378.57	-2.58799
3379.29	0.884733
3380	0.056912
3380.71	1.01427
3381.43	0.715384
3382.14	-3.31468
3382.86	-0.330407
3383.57	2.65189
3384.29	-0.686975
3385	-1.18013
3385.71	-0.300574
3386.43	-1.13142
3387.14	1.76248
3387.86	1.12348
3388.57	-2.63793
3389.29	-0.514459
3390	1.23678
3390.71	-0.170892
3391.43	0.122901
3392.14	-0.864699
3392.86	-1.96475
3393.57	1.85516
3394.29	1.37633
3395	-1.97663
3395.71	-0.512784
3396.43	0.150403
3397.14	-0.0682474
3397.86	1.24759
3398.57	-0.885043
3399.29	-2.3972
3400	1.48286
3400.71	1.34218
3401.43	-1.01579
3402.14	-0.086463
3402.86	-1.437
3403.57	-0.389217
3404.29	2.57825
3405	-0.703417
3405.71	-2.11047
3406.43	0.578061
3407.14	0.129452
3407.86	0.179702
3408.57	0.50158
3409.29	-1.60974
3410	-0.538555
3410.71	1.67952
3411.43	-0.281493
3412.14	-0.941501
3412.86	-0.00489495
3413.57	-0.505396
3414.29	0.571923
3415	0.932044
3415.71	-1.91754
3416.43	-0.891696
3417.14	1.77758
3417.86	-0.124517
3418.57	-0.930652
3419.29	-0.116448
3420	-1.0097
3420.71	0.919666
3421.43	1.61227
3422.14	-2.36027
3422.86	-1.20643
3423.57	1.41339
3424.29	-0.0726581
3425	0.685777
3425.71	-0.551678
3426.43	-2.72046
3427.14	1.18615
3427.86	1.81264
3428.57	-1.37684
3429.29	-0.716484
3430	-0.209898
3430.71	-0.354753
3431.43	1.6231
3432.14	-0.311089
3432.86	-2.86577
3433.57	0.662577
3434.29	1.22449
3435	-0.400581
3435.71	0.126857
3436.43	-1.41859
3437.14	-0.992597
3437.86	2.54019
3438.57	0.0846036
3439.29	-2.92266
3440	0.212741
3440.71	0.288456
3441.43	0.398322
3442.14	1.38795
3442.86	-2.54
3443.57	-1.92076
3444.29	3.28683
3445	0.490204
3445.71	-2.03726
3446.43	-0.202496
3447.14	-1.61515
3447.86	1.23835
3448.57	3.30123
3449.29	-3.41675
3450	-2.95886
3450.71	3.28941
3451.43	0.714152
3452.14	-0.627649
3452.86	-0.181007
3453.57	-2.89835
3454.29	1.23705
3455	4.35297
3455.71	-3.09968
3456.43	-3.05005
3457.14	1.77698
3457.86	0.114675
3458.57	1.5909
3459.29	0.235316
3460	-6.05099
3460.71	1.15695
3461.43	6.00298
3462.14	-2.87111
3462.86	-2.85059
3463.57	0.280844
3464.29	-1.36815
3465	4.58657
3465.71	1.50106
3466.43	-8.51423
3467.14	0.458154
3467.86	6.6845
3468.57	-1.88131
3469.29	-1.01868
3470	-2.62899
3470.71	-5.04708
3471.43	9.67892
3472.14	4.53874
3472.86	-14.2761
3473.57	-0.879053
3474.29	7.32403
3475	-0.522484
3475.71	6.86534
3476.43	-10.9024
3477.14	-19.0765
3477.86	21.9376
3478.57	9.28838
3479.29	-7.16165
3480	0.617273
3480.71	-30.0571
3481.43	3.72266
3482.14	20.0063
3482.86	-8.17575
3483.57	-8.99856
3484.29	2.05643
3485	-3.6833
3485.71	14.7108
3486.43	5.87881
3487.14	-19.1019
3487.86	1.97547
3488.57	17.3461
3489.29	-1.8917
3490	2.92382
3490.71	-5.68134
3491.43	-7.65954
3492.14	12.0452
3492.86	6.52722
3493.57	-18.1267
3494.29	-1.46243
3495	7.16965
3495.71	0.298746
3496.43	8.61398
3497.14	-7.974
3497.86	-11.7338
3498.57	10.907
3499.29	5.80904
3500	-8.90168
3500.71	-1.45767
3501.43	1.24141
3502.14	0.554012
3502.86	9.86379
3503.57	-6.62264
3504.29	-14.1277
3505	10.978
3505.71	7.36336
3506.43	-5.77618
3507.14	-0.0388961
3507.86	-8.04762
3508.57	-0.0969241
3509.29	16.0382
3510	-5.41344
3510.71	-12.7149
3511.43	5.45913
3512.14	2.5293
3512.86	1.90339
3513.57	3.25578
3514.29	-12.261
3515	-2.03328
3515.71	15.0433
3516.43	-2.72668
3517.14	-9.09902
3517.86	1.88913
3518.57	-1.21455
3519.29	5.24479
3520	6.23079
3520.71	-14.1173
3521.43	-4.16943
3522.14	14.2863
3522.86	-1.06511
3523.57	-7.49803
3524.29	0.0516732
3525	-4.91307
3525.71	7.26175
3526.43	9.66114
3527.14	-15.2823
3527.86	-6.67701
3528.57	15.3197
3529.29	0.545465
3530	-7.60915
3530.71	0.0079898
3531.43	-5.10606
3532.14	5.58629
3532.86	9.70374
3533.57	-10.9268
3534.29	-5.73275
3535	6.92043
3535.71	0.201481
3536.43	2.83389
3537.14	-1.28332
3537.86	-12.129
3538.57	7.0041
3539.29	14.2602
3540	-13.1305
3540.71	-10.0615
3541.43	12.9512
3542.14	3.03339
3542.86	-6.85889
3543.57	-0.0780079
3544.29	-2.34846
3545	1.78544
3545.71	7.36929
3546.43	-6.44216
3547.14	-7.19431
3547.86	7.68244
3548.57	2.81687
3549.29	-4.62118
3550	-0.301023
3550.71	-1.05732
3551.43	0.55292
3552.14	4.34326
3552.86	-2.9059
3553.57	-4.15513
3554.29	3.09269
3555	1.45261
3555.71	-1.56148
3556.43	-0.125093
3557.14	-1.50742
3557.86	-0.0095752
3558.57	2.80474
3559.29	-1.42595
3560	-2.66973
3560.71	1.40657
3561.43	0.673701
3562.14	-0.360117
3562.86	0.191606
3563.57	-1.91129
3564.29	-0.294854
3565	2.23066
3565.71	-0.856974
3566.43	-2.03549
3567.14	0.71185
3567.86	0.257639
3568.57	0.0538972
3569.29	0.38121
3570	-1.79407
3570.71	-0.49873
