0	113577
0.5	96.9592
1	39677.5
1.5	805.948
2	24427.4
2.5	1490.69
3	16693.3
3.5	1964.67
4	11411.2
4.5	2487.67
5	7984.39
5.5	2904.84
6	5688.03
6.5	3061.25
7	3886.44
7.5	3147.35
8	2550.53
8.5	3217.9
9	1666.28
9.5	3128.5
10	1028.44
10.5	2931.94
11	558.509
11.5	2756.82
12	271.751
12.5	2543.36
13	111.089
13.5	2248.83
14	23.5263
14.5	1969.21
15	0.0660001
15.5	1725.56
16	17.6576
16.5	1457.72
17	58.1628
17.5	1192.95
18	118.382
18.5	979.687
19	177.738
19.5	787.288
20	226.359
20.5	598.88
21	277.609
21.5	447.47
22	321.612
22.5	332.328
23	341.067
23.5	229.462
24	351.797
24.5	146.432
25	362.744
25.5	91.6027
26	355.151
26.5	51.7798
27	332.25
27.5	22.2524
28	313.977
28.5	6.80273
29	291.716
29.5	0.843759
30	255.732
30.5	0.701496
31	222.34
31.5	6.05453
32	195.671
32.5	12.9347
33	163.339
33.5	21.1411
34	130.204
34.5	32.2281
35	105.914
35.5	40.9212
36	84.0878
36.5	46.2418
37	60.8442
37.5	53.0996
38	43.3287
38.5	59.0151
39	31.4219
39.5	59.1178
40	19.9314
40.5	58.4745
41	10.8175
41.5	59.8056
42	5.95147
42.5	56.727
43	2.64999
43.5	50.9238
44	0.432896
44.5	47.5861
45	0.0147481
45.5	43.9261
46	0.374905
46.5	36.754
47	1.5879
47.5	31.0219
48	3.57351
48.5	27.3826
49	4.81681
49.5	22.0272
50	6.24239
50.5	16.3721
51	8.56752
51.5	13.2406
52	9.84061
52.5	10.2942
53	9.92452
53.5	6.61821
54	11.0842
54.5	4.34096
55	12.0979
55.5	3.12605
56	11.1186
56.5	1.62935
57	10.6416
57.5	0.574385
58	10.9723
58.5	0.251061
59	9.94147
59.5	0.0457931
60	8.33465
60.5	0.0620033
61	7.89005
61.5	0.271551
62	7.25505
62.5	0.369529
63	5.54798
63.5	0.810006
64	4.52461
64.5	1.41877
65	4.19477
65.5	1.45335
66	3.11215
66.5	1.55673
67	2.00022
67.5	2.12812
68	1.72111
68.5	2.18678
69	1.34557
69.5	1.89957
70	0.663515
70.5	2.22428
71	0.39966
71.5	2.45008
72	0.333801
72.5	1.9747
73	0.112912
73.5	1.81994
74	0.00329319
74.5	2.06077
75	0.00781719
75.5	1.71312
76	0.00662368
76.5	1.23959
77	0.106138
77.5	1.31688
78	0.15398
78.5	1.22779
79	0.121545
79.5	0.750256
80	0.283456
80.5	0.619088
81	0.433497
81.5	0.672712
82	0.321293
82.5	0.407649
83	0.355733
83.5	0.190666
84	0.575887
84.5	0.236802
85	0.494793
85.5	0.175084
86	0.347842
86.5	0.0330456
87	0.507649
87.5	0.0296574
88	0.546489
88.5	0.0371227
89	0.320221
89.5	0.00886626
90	0.328052
90.5	0.0164744
91	0.445628
91.5	0.00545643
92	0.286456
92.5	0.0151755
93	0.162808
93.5	0.077347
94	0.262572
94.5	0.0609786
95	0.224146
95.5	0.0251263
96	0.0745815
96.5	0.112503
97	0.0987364
97.5	0.137893
98	0.132955
98.5	0.0521864
99	0.0430139
99.5	0.0939763
100	0.0141844
100.5	0.175667
101	0.0519239
101.5	0.0922074
102	0.0268358
102.5	0.0570159
103	0.00134102
103.5	0.152265
104	0.0123522
104.5	0.123219
105	0.00983281
105.5	0.0346166
106	0.0161638
106.5	0.0947489
107	0.0192823
107.5	0.123064
108	0.00052314
108.5	0.0337746
109	0.0249584
109.5	0.038717
110	0.0504087
110.5	0.0948454
111	0.01147
111.5	0.0405881
112	0.020871
112.5	0.00719683
113	0.0814768
113.5	0.0537706
114	0.0441067
114.5	0.0402207
115	0.0141642
115.5	0.000482284
116	0.0930718
116.5	0.0205012
117	0.0916107
117.5	0.026887
118	0.0196896
118.5	0.0080272
119	0.0822058
119.5	0.0117844
120	0.13565
120.5	0.00931107
121	0.0477077
121.5	0.0149673
122	0.0548437
122.5	0.0367247
123	0.152364
123.5	0.0114144
124	0.0914715
124.5	0.0136864
125	0.0291186
125.5	0.0859836
126	0.121489
126.5	0.067248
127	0.121914
127.5	0.0204476
128	0.0226027
128.5	0.133432
129	0.0592272
129.5	0.18551
130	0.107192
130.5	0.0788731
131	0.0288521
131.5	0.15931
132	0.00891157
132.5	0.329098
133	0.0508264
133.5	0.219473
134	0.0264943
134.5	0.172267
135	0.0110708
135.5	0.417779
136	0.0140145
136.5	0.423309
137	0.00482393
137.5	0.220533
138	0.0826133
138.5	0.361543
139	0.121839
139.5	0.498742
140	0.0480286
140.5	0.250363
141	0.186705
141.5	0.199433
142	0.408209
142.5	0.421128
143	0.296899
143.5	0.296459
144	0.327566
144.5	0.0844759
145	0.768772
145.5	0.195258
146	0.81567
146.5	0.199882
147	0.617585
147.5	0.027145
148	1.06992
148.5	0.0203986
149	1.46102
149.5	0.0304213
150	1.12486
150.5	0.0313234
151	1.22494
151.5	0.137504
152	1.92079
152.5	0.105449
153	1.7031
153.5	0.183276
154	1.27732
154.5	0.700648
155	1.84254
155.5	0.868691
156	1.96757
156.5	0.800491
157	1.23736
157.5	1.68882
158	1.21881
158.5	2.56199
159	1.57444
159.5	2.36042
160	0.936613
160.5	3.07728
161	0.439462
161.5	4.90335
162	0.593084
162.5	5.06228
163	0.360053
163.5	4.96764
164	0.00986078
164.5	7.07257
165	0.0421889
165.5	8.30052
166	0.0185347
166.5	7.2304
167	0.552244
167.5	8.29648
168	1.44386
168.5	10.3724
169	1.60516
169.5	9.13186
170	2.95291
170.5	8.02204
171	6.09648
171.5	9.65092
172	7.4362
172.5	9.09081
173	8.75376
173.5	6.15617
174	14.343
174.5	5.91148
175	18.9457
175.5	5.84799
176	19.8103
176.5	2.99437
177	25.6775
177.5	1.3087
178	34.7084
178.5	1.11186
179	36.3244
179.5	0.19106
180	38.7467
180.5	0.54981
181	49.7499
181.5	1.57905
182	54.1987
182.5	3.17607
183	50.7925
183.5	10.2473
184	57.1757
184.5	18.4565
185	64.2398
185.5	23.4734
186	56.3759
186.5	38.8121
187	51.5334
187.5	63.4063
188	56.3517
188.5	77.4049
189	48.077
189.5	97.2633
190	32.3271
190.5	143.653
191	28.854
191.5	180.013
192	22.8661
192.5	199.355
193	7.7328
193.5	258.269
194	1.44822
194.5	331.533
195	0.184749
195.5	352.985
196	5.28401
196.5	395.152
197	31.2509
197.5	504.821
198	55.719
198.5	549.372
199	101.754
199.5	536.349
200	244
200.5	648.526
201	401.011
201.5	764.456
202	531.136
202.5	671.668
203	1005.5
203.5	715.024
204	1945.31
204.5	1181.18
205	2943.83
205.5	1127.83
206	6366.29
206.5	485.03
207	3692.78
207.5	413.312
208	4749.18
208.5	58.1702
209	4126.33
209.5	8.46367
210	2690.38
210.5	3.87489
211	1662.29
211.5	55.977
212	1255.04
212.5	96.5435
213	961.112
213.5	108.281
214	645.523
214.5	158.688
215	466.665
215.5	204.763
216	371.051
216.5	198.452
217	249.935
217.5	203.494
218	153.311
218.5	231.186
219	110.853
219.5	221.579
220	72.3236
220.5	195.552
221	33.43
221.5	196.188
222	16.2127
222.5	188.824
223	8.49165
223.5	156.709
224	1.38248
224.5	137.778
225	0.243487
225.5	130.082
226	1.41577
226.5	106.49
227	4.15185
227.5	82.2706
228	10.724
228.5	72.5651
229	14.4789
229.5	60.0044
230	15.9156
230.5	41.677
231	21.8967
231.5	31.7938
232	26.4505
232.5	26.209
233	25.0322
233.5	16.7789
234	26.053
234.5	9.68659
235	29.5619
235.5	7.19256
236	27.4678
236.5	4.18126
237	23.9833
237.5	1.25748
238	24.7739
238.5	0.440437
239	23.4829
239.5	0.125159
240	18.5998
240.5	0.120696
241	16.6832
241.5	0.704934
242	15.9902
242.5	0.890543
243	12.3476
243.5	1.58193
244	9.24099
244.5	2.96591
245	8.48821
245.5	3.25644
246	6.74974
246.5	3.24748
247	4.17633
247.5	4.39323
248	3.24505
248.5	4.95933
249	2.70078
249.5	4.20088
250	1.41526
250.5	4.46626
251	0.67211
251.5	5.03938
252	0.553523
252.5	4.30607
253	0.230242
253.5	3.60004
254	0.0072551
254.5	3.92811
255	0.0117013
255.5	3.5227
256	0.00930106
256.5	2.55001
257	0.177535
257.5	2.36723
258	0.333869
258.5	2.33404
259	0.286519
259.5	1.58285
260	0.469574
260.5	1.13372
261	0.768082
261.5	1.14897
262	0.708474
262.5	0.832588
263	0.63434
263.5	0.41103
264	0.94541
264.5	0.364591
265	0.966823
265.5	0.307965
266	0.693201
266.5	0.103462
267	0.813249
267.5	0.0345627
268	0.943993
268.5	0.0407532
269	0.675184
269.5	0.0125315
270	0.548638
270.5	0.0126165
271	0.674213
271.5	0.0119618
272	0.566218
272.5	0.0302042
273	0.368314
273.5	0.119883
274	0.39408
274.5	0.143904
275	0.375917
275.5	0.100565
276	0.199752
276.5	0.169727
277	0.141291
277.5	0.241088
278	0.168881
278.5	0.173367
279	0.0964274
279.5	0.160481
280	0.0310494
280.5	0.24506
281	0.0422806
281.5	0.217716
282	0.0304458
282.5	0.140193
283	0.00228751
283.5	0.184001
284	0.00293597
284.5	0.202969
285	0.00211582
285.5	0.12033
286	0.00519716
286.5	0.103689
287	0.0182814
287.5	0.13988
288	0.00974627
288.5	0.0969913
289	0.0106091
289.5	0.0490642
290	0.0393767
290.5	0.0673821
291	0.0374504
291.5	0.0635727
292	0.0186396
292.5	0.0231117
293	0.0431834
293.5	0.0187468
294	0.0579753
294.5	0.0288359
295	0.0322111
295.5	0.0116572
296	0.0320846
296.5	0.00108014
297	0.0573597
297.5	0.00620395
298	0.0423093
298.5	0.00420138
299	0.0218111
299.5	0.00131318
300	0.038557
300.5	0.0020158
301	0.0410435
301.5	7.73663e-05
302	0.0175633
302.5	0.00371713
303	0.0175494
303.5	0.00857348
304	0.0287349
304.5	0.00300276
305	0.0155324
305.5	0.00381038
306	0.00536757
306.5	0.0138286
307	0.01281
307.5	0.0105707
308	0.0114886
308.5	0.00375039
309	0.00186737
309.5	0.012513
310	0.0026849
310.5	0.0162201
311	0.00520925
311.5	0.00638145
312	0.00149391
312.5	0.00732792
313	0.000196953
313.5	0.0153174
314	0.00121265
314.5	0.00999316
315	0.000775501
315.5	0.00368275
316	0.00144282
316.5	0.00960072
317	0.0014749
317.5	0.0108179
318	1.65767e-05
318.5	0.00372803
319	0.0017554
319.5	0.00356013
320	0.00414329
320.5	0.00791337
321	0.00172597
321.5	0.00428843
322	0.00131373
322.5	0.000877644
323	0.00562085
323.5	0.00341442
324	0.00526953
324.5	0.00350902
325	0.00175673
325.5	0.000498602
326	0.00491664
326.5	0.000513622
327	0.00812757
327.5	0.00140418
328	0.00451824
328.5	0.000416358
329	0.00357114
329.5	0.000126461
330	0.00810989
330.5	0.000359318
331	0.00760129
331.5	1.98321e-05
332	0.00402445
332.5	0.000844084
333	0.00641926
333.5	0.00151094
334	0.00926156
334.5	0.000651766
335	0.00563532
335.5	0.00193486
336	0.00420145
336.5	0.0049553
337	0.00696232
337.5	0.00425458
338	0.00682295
338.5	0.00321714
339	0.00386147
339.5	0.0071162
340	0.00473639
340.5	0.00970886
341	0.00605419
341.5	0.00893819
342	0.0036932
342.5	0.0120878
343	0.00177446
343.5	0.0165517
344	0.0014396
344.5	0.0141085
345	0.0016282
345.5	0.00986641
346	0.00183451
346.5	0.0106183
347	0.00175438
347.5	0.0131139
348	0.00204606
348.5	0.0144447
349	0.00457794
349.5	0.0128614
350	0.00791355
350.5	0.01164
351	0.0104926
351.5	0.0130221
352	0.0140721
352.5	0.010992
353	0.0197814
353.5	0.00776204
354	0.025558
354.5	0.00830095
355	0.0302676
355.5	0.0052482
356	0.0378293
356.5	0.00286676
357	0.04499
357.5	0.00162508
358	0.0559563
358.5	0.00032327
359	0.0600725
359.5	2.51047e-05
360	0.0656483
360.5	0.00188609
361	0.0786335
361.5	0.00422181
362	0.0802555
362.5	0.00904221
363	0.081315
363.5	0.0201586
364	0.0834483
364.5	0.0329192
365	0.0932122
365.5	0.0429176
366	0.0780823
366.5	0.066644
367	0.0742219
367.5	0.099738
368	0.0736959
368.5	0.11833
369	0.0630142
369.5	0.146685
370	0.0393244
370.5	0.202715
371	0.0349027
371.5	0.246376
372	0.0257561
372.5	0.260671
373	0.00727088
373.5	0.328535
374	0.00124569
374.5	0.399293
375	0.000253288
375.5	0.4067
376	0.00778666
376.5	0.434499
377	0.0401944
377.5	0.515146
378	0.0649181
378.5	0.531422
379	0.107356
379.5	0.474719
380	0.226112
380.5	0.519433
381	0.33275
381.5	0.543441
382	0.402749
382.5	0.42872
383	0.609625
383.5	0.373518
384	0.888
384.5	0.376926
385	1.01323
385.5	0.264385
386	1.23555
386.5	0.134607
387	1.70712
387.5	0.100349
388	1.96945
388.5	0.0472618
389	2.08442
389.5	0.00172084
390	2.58772
390.5	0.0372529
391	3.06118
391.5	0.0815144
392	3.01835
392.5	0.314305
393	3.21411
393.5	0.760148
394	3.78396
394.5	1.04778
395	3.66872
395.5	1.60809
396	3.25498
396.5	2.90641
397	3.55665
397.5	3.91855
398	3.52212
398.5	4.69999
399	2.55931
399.5	7.08593
400	2.15919
400.5	9.94923
401	2.14525
401.5	11.1946
402	1.1704
402.5	14.1247
403	0.316653
403.5	20.1258
404	0.221727
404.5	23.1137
405	0.0303793
405.5	24.8394
406	1.00103
406.5	34.7366
407	2.589
407.5	44.8002
408	3.73076
408.5	44.3993
409	14.8014
409.5	62.8343
410	39.2669
410.5	125.286
411	56.2924
411.5	129.557
412	109.189
412.5	51.3473
413	80.7412
413.5	66.5581
414	73.7555
414.5	16.1756
415	54.7619
415.5	14.7372
416	102.471
416.5	17.3284
417	119.896
417.5	6.10746
418	113.303
418.5	1.37652
419	87.698
419.5	0.185108
420	56.1961
420.5	0.412173
421	40.2608
421.5	1.66741
422	31.9827
422.5	1.98553
423	22.1044
423.5	2.98836
424	15.1982
424.5	4.81678
425	12.6045
425.5	5.01532
426	9.33115
426.5	4.7802
427	5.61187
427.5	5.90616
428	4.03012
428.5	6.28961
429	3.08754
429.5	5.30239
430	1.59343
430.5	5.25118
431	0.733229
431.5	5.64825
432	0.527078
432.5	4.77134
433	0.213053
433.5	3.91655
434	0.00681019
434.5	3.99102
435	0.0121581
435.5	3.53656
436	0.0212731
436.5	2.54047
437	0.177467
437.5	2.24162
438	0.340427
438.5	2.11704
439	0.317221
439.5	1.46897
440	0.451407
440.5	1.03273
441	0.709316
441.5	0.995396
442	0.66758
442.5	0.729335
443	0.604891
443.5	0.376667
444	0.823011
444.5	0.303749
445	0.844774
445.5	0.249856
446	0.641432
446.5	0.0888593
447	0.695721
447.5	0.0290977
448	0.765447
448.5	0.0323559
449	0.58139
449.5	0.00558028
450	0.470024
450.5	0.00953733
451	0.526461
451.5	0.0144129
452	0.446519
452.5	0.0134255
453	0.27293
453.5	0.0616566
454	0.275989
454.5	0.0882161
455	0.271195
455.5	0.053765
456	0.151662
456.5	0.0961483
457	0.102245
457.5	0.138918
458	0.121572
458.5	0.107472
459	0.0744135
459.5	0.0890004
460	0.0237679
460.5	0.148101
461	0.0295266
461.5	0.12768
462	0.0256395
462.5	0.0822894
463	0.00343441
463.5	0.101629
464	0.00142967
464.5	0.123371
465	0.00256896
465.5	0.0664692
466	0.00291877
466.5	0.0576038
467	0.00710139
467.5	0.079871
468	0.00364402
468.5	0.0565586
469	0.00336169
469.5	0.0266535
470	0.020927
470.5	0.0386822
471	0.0176175
471.5	0.0401983
472	0.00440649
472.5	0.0135878
473	0.0244453
473.5	0.0101936
474	0.0317947
474.5	0.0192887
475	0.00950285
475.5	0.0101872
476	0.0151716
476.5	0.000839837
477	0.0382163
477.5	0.00268078
478	0.0289849
478.5	0.00471497
479	0.0195006
479.5	0.0054068
480	0.0349783
480.5	0.00315351
481	0.0322815
481.5	0.000370688
482	0.0113568
482.5	0.00662097
483	0.012895
483.5	0.010268
484	0.0212624
484.5	0.00317045
485	0.0101015
485.5	0.00393028
486	0.00328977
486.5	0.0126686
487	0.00972007
487.5	0.00910104
488	0.00743133
488.5	0.00271586
489	0.000473027
489.5	0.0107111
490	0.00237201
490.5	0.0127232
491	0.0040725
491.5	0.00359657
492	0.000928195
492.5	0.0056006
493	0.000726588
493.5	0.0120663
494	0.00138941
494.5	0.00608413
495	0.00093729
495.5	0.00171832
496	0.00185057
496.5	0.00732732
497	0.0013689
497.5	0.00686486
498	0.000121253
498.5	0.000928925
499	0.002325
499.5	0.00249396
500	0.00295204
500.5	0.00546818
501	0.000442586
501.5	0.0018146
502	0.0011805
502.5	0.000241708
503	0.00421114
503.5	0.00277687
504	0.00204909
504.5	0.00212652
505	0.000166418
505.5	0.000210662
506	0.00332558
506.5	0.000991648
507	0.00358091
507.5	0.00120235
508	0.000343206
508.5	0.000591255
509	0.00139194
509.5	0.000724725
510	0.00364114
510.5	0.000686404
511	0.00139589
511.5	0.000556845
512	0.00015141
512.5	0.00127489
513	0.00231645
513.5	0.000874597
514	0.00211542
514.5	0.000140298
515	0.000138164
515.5	0.00126443
516	0.000828582
516.5	0.0017301
517	0.00188632
517.5	0.000295402
518	0.000669663
518.5	0.000552588
519	0.000205155
519.5	0.00204173
520	0.00105389
520.5	0.0011787
521	0.000955591
521.5	1.67151e-05
522	0.000396299
522.5	0.00154136
523	0.000623444
523.5	0.00207255
524	0.000595206
524.5	0.000336194
525	0.000407405
525.5	0.000485729
526	0.000679223
526.5	0.00210552
527	0.000566283
527.5	0.00120883
528	0.000248196
528.5	5.20041e-06
529	0.000947327
529.5	0.0013306
530	0.00112666
530.5	0.00181604
531	0.00012246
531.5	0.000211529
532	0.000786878
532.5	0.000414865
533	0.00192
533.5	0.00147539
534	0.000712961
534.5	0.000668075
535	0.000158382
535.5	5.70414e-05
536	0.00207448
536.5	0.000742894
537	0.00192079
537.5	0.000740918
538	0.00020037
538.5	0.000101803
539	0.00155711
539.5	0.000427172
540	0.00322789
540.5	0.00050097
541	0.00129606
541.5	0.000213042
542	0.000808011
542.5	0.000837557
543	0.00347607
543.5	0.000808365
544	0.0032525
544.5	0.000118045
545	0.000920251
545.5	0.000670691
546	0.00307566
546.5	0.000883281
547	0.00552287
547.5	7.08785e-05
548	0.00340233
548.5	0.00119857
549	0.00148552
549.5	0.00309327
550	0.00292397
550.5	0.00164793
551	0.00332781
551.5	0.000255016
552	0.00106254
552.5	0.00215078
553	4.05757e-05
553.5	0.00238465
554	0.000699806
554.5	0.000957213
555	0.00119634
555.5	0.00205195
556	0.000680688
556.5	0.00303828
557	8.06039e-05
557.5	0.00185446
558	0.00139956
558.5	0.0017872
559	0.00251354
559.5	0.00306891
560	0.00157646
560.5	0.0029262
561	0.00204692
561.5	0.000962716
562	0.00539821
562.5	0.0025031
563	0.00556457
563.5	0.00291668
564	0.00449664
564.5	0.000483019
565	0.00835622
565.5	0.00094798
566	0.0115458
566.5	0.000964624
567	0.00995396
567.5	0.00023563
568	0.0115637
568.5	0.000154112
569	0.0186496
569.5	0.000255526
570	0.0160751
570.5	0.000377846
571	0.0160314
571.5	0.002605
572	0.0202151
572.5	0.00384179
573	0.0236195
573.5	0.00406594
574	0.0173183
574.5	0.00990143
575	0.0204202
575.5	0.0154409
576	0.0221746
576.5	0.0164933
577	0.0187991
577.5	0.0237043
578	0.0141567
578.5	0.0358306
579	0.0152722
579.5	0.0415368
580	0.0127475
580.5	0.046786
581	0.00603885
581.5	0.0646076
582	0.00496772
582.5	0.0775265
583	0.00255934
583.5	0.0818308
584	0.000232638
584.5	0.0989071
585	0.000679178
585.5	0.113595
586	0.00279547
586.5	0.12118
587	0.00880322
587.5	0.12571
588	0.0224141
588.5	0.135983
589	0.0370305
589.5	0.140682
590	0.0576329
590.5	0.132241
591	0.0907769
591.5	0.13083
592	0.129548
592.5	0.123155
593	0.174077
593.5	0.103263
594	0.233199
594.5	0.0866616
595	0.30374
595.5	0.0645894
596	0.378826
596.5	0.0394231
597	0.467058
597.5	0.0213709
598	0.558838
598.5	0.00549076
599	0.649734
599.5	0.000344372
600	0.757414
600.5	0.0108196
601	0.85156
601.5	0.0429959
602	0.916831
602.5	0.117864
603	1.0049
603.5	0.220724
604	1.0739
604.5	0.352717
605	1.05902
605.5	0.587087
606	1.06565
606.5	0.893886
607	1.10295
607.5	1.19732
608	0.997256
608.5	1.69786
609	0.841568
609.5	2.50181
610	0.795843
610.5	3.27349
611	0.635329
611.5	4.19781
612	0.323993
612.5	6.0966
613	0.185352
613.5	8.40656
614	0.0865196
614.5	10.595
615	0.0722759
615.5	17.6474
616	0.815427
616.5	34.0999
617	1.55966
617.5	34.697
618	3.65944
618.5	11.7729
619	4.22499
619.5	18.5843
620	3.99032
620.5	6.05206
621	5.31315
621.5	10.0593
622	9.53301
622.5	7.44203
623	5.98567
623.5	2.90311
624	6.46553
624.5	3.00069
625	12.8693
625.5	3.35471
626	16.4356
626.5	1.93234
627	15.9788
627.5	0.654494
628	13.4739
628.5	0.183105
629	9.555
629.5	0.00500107
630	6.61567
630.5	0.0733171
631	5.03344
631.5	0.163277
632	3.65627
632.5	0.256355
633	2.52277
633.5	0.459811
634	1.96635
634.5	0.568861
635	1.54244
635.5	0.55431
636	1.01595
636.5	0.659673
637	0.686878
637.5	0.772513
638	0.536512
638.5	0.692368
639	0.33404
639.5	0.645876
640	0.163777
640.5	0.719659
641	0.109906
641.5	0.665414
642	0.0677105
642.5	0.532833
643	0.0150355
643.5	0.527306
644	0.00149579
644.5	0.509618
645	0.000135125
645.5	0.376986
646	0.00623946
646.5	0.309093
647	0.0284084
647.5	0.306373
648	0.0294579
648.5	0.236432
649	0.0350412
649.5	0.161727
650	0.0710525
650.5	0.151941
651	0.0765622
651.5	0.132345
652	0.0636766
652.5	0.0778243
653	0.0889381
653.5	0.0544488
654	0.10274
654.5	0.0524898
655	0.0854952
655.5	0.0277597
656	0.0798576
656.5	0.010153
657	0.0955197
657.5	0.0099432
658	0.0866972
658.5	0.00565215
659	0.0573351
659.5	0.000185327
660	0.0686549
660.5	0.000790573
661	0.065769
661.5	8.16444e-05
662	0.0411027
662.5	0.00335273
663	0.0352246
663.5	0.00608555
664	0.0403336
664.5	0.00494259
665	0.027281
665.5	0.00478555
666	0.014458
666.5	0.0134878
667	0.0189867
667.5	0.00926142
668	0.0157905
668.5	0.00707915
669	0.00555037
669.5	0.0113605
670	0.00513995
670.5	0.0161678
671	0.00663838
671.5	0.00611394
672	0.00230282
672.5	0.00971529
673	0.00037824
673.5	0.0121212
674	0.00101316
674.5	0.00755893
675	0.00202583
675.5	0.0051809
676	0.00144551
676.5	0.0075293
677	4.54458e-05
677.5	0.00770847
678	0.0018782
678.5	0.00271606
679	0.00479186
679.5	0.00384319
680	0.00199541
680.5	0.00619787
681	0.000925467
681.5	0.00248314
682	0.00944008
682.5	0.000801292
683	0.0144096
683.5	0.00289627
684	0.00910651
684.5	0.00228459
685	0.00842897
685.5	0.000371546
686	0.0136291
686.5	0.000252528
687	0.0102409
687.5	0.000184454
688	0.00369157
688.5	0.000819331
689	0.00582364
689.5	0.00131376
690	0.0078327
690.5	0.000262454
691	0.00327988
691.5	0.000541608
692	0.00185362
692.5	0.00206361
693	0.00458002
693.5	0.00123675
694	0.00309363
694.5	0.00017678
695	0.000409337
695.5	0.00223333
696	0.0017931
696.5	0.00235131
697	0.00241454
697.5	0.000372987
698	0.000313931
698.5	0.0014901
699	0.000346514
699.5	0.003046
700	0.0012639
700.5	0.00118572
701	0.000601978
701.5	0.000441464
702	0.000221529
702.5	0.00252184
703	0.000459569
703.5	0.00191904
704	0.000373936
704.5	0.000141859
705	0.000503795
705.5	0.0011687
706	0.000469655
706.5	0.00198209
707	0.000118873
707.5	0.000455728
708	0.000381898
708.5	0.00021397
709	0.00087172
709.5	0.0013844
710	0.000334002
710.5	0.000916065
711	6.78949e-05
711.5	2.34804e-05
712	0.000916647
712.5	0.000681822
713	0.000923062
713.5	0.000757968
714	3.04098e-05
714.5	0.000176553
715	0.000525586
715.5	0.0002195
716	0.00109237
716.5	0.000515289
717	0.000354345
717.5	0.000344915
718	0.000119549
718.5	0.000293434
719	0.00093581
719.5	0.00035889
720	0.000720496
720.5	0.000219905
721	3.48376e-05
721.5	0.000382857
722	0.000449387
722.5	0.000518993
723	0.000840435
723.5	0.000185497
724	0.000273174
724.5	0.000246806
725	0.000129185
725.5	0.000630371
726	0.000605998
726.5	0.000386005
727	0.000525854
727.5	6.05852e-05
728	0.000129973
728.5	0.000638413
729	0.000390112
729.5	0.000829219
730	0.000473407
730.5	0.000125884
731	0.000179561
731.5	0.000291518
732	0.00021603
732.5	0.000898982
733	0.000395318
733.5	0.000483751
734	0.000266274
734.5	2.15388e-05
735	0.000284622
735.5	0.000686389
736	0.00047646
736.5	0.000957623
737	0.000272255
737.5	0.000100308
738	0.000328027
738.5	0.000309973
739	0.000763
739.5	0.00103713
740	0.000392133
740.5	0.000464343
741	9.5512e-05
741.5	4.83687e-05
742	0.00081207
742.5	0.000712378
743	0.000782055
743.5	0.000756394
744	4.69441e-05
744.5	2.48841e-05
745	0.000546886
745.5	0.000383468
746	0.00130522
746.5	0.00072441
747	0.000481558
747.5	0.000186471
748	0.000244404
748.5	0.000256014
749	0.00157908
749.5	0.00107399
750	0.0014649
750.5	0.000884558
751	0.000240854
751.5	0.000105151
752	0.00173069
752.5	0.000171756
753	0.00345
753.5	0.000505393
754	0.00225691
754.5	0.000722054
755	0.000975839
755.5	0.000543181
756	0.00228764
756.5	0.000109803
757	0.00266685
757.5	0.000228997
758	0.000741454
758.5	0.000849636
759	0.000147261
759.5	0.00053628
760	0.0012051
760.5	6.31523e-06
761	0.00104998
761.5	0.000769679
762	0.000157039
762.5	0.0010203
763	0.000213937
763.5	0.00019349
764	0.00076586
764.5	0.000492689
765	0.000553737
765.5	0.00126236
766	4.47258e-05
766.5	0.000853675
767	0.000357508
767.5	0.000184829
768	0.00121748
768.5	0.00166942
769	0.000980473
769.5	0.00179569
770	0.000313059
770.5	0.000108465
771	0.00206724
771.5	0.00119884
772	0.00284834
772.5	0.00135516
773	0.00124417
773.5	0.000407342
774	0.00254903
774.5	0.00017757
775	0.00560016
775.5	0.00107486
776	0.00357988
776.5	0.000434342
777	0.0036469
777.5	0.000128315
778	0.00739778
778.5	0.000327235
779	0.00837332
779.5	2.24411e-05
780	0.00453037
780.5	0.00107143
781	0.00852789
781.5	0.00185906
782	0.010742
782.5	0.000847901
783	0.00774294
783.5	0.00284362
784	0.00680193
784.5	0.00680757
785	0.0116439
785.5	0.00554223
786	0.00962416
786.5	0.00656376
787	0.00486865
787.5	0.0146837
788	0.00843062
788.5	0.0166368
789	0.00786683
789.5	0.0144925
790	0.00363234
790.5	0.0242684
791	0.00247123
791.5	0.0331799
792	0.00352779
792.5	0.0311938
793	0.00103413
793.5	0.0350857
794	0.000169115
794.5	0.0517845
795	0.000435379
795.5	0.0532529
796	0.000915669
796.5	0.046863
797	0.00769278
797.5	0.0627942
798	0.0124332
798.5	0.0696028
799	0.0144649
799.5	0.0561226
800	0.0312914
800.5	0.0601672
801	0.0522466
801.5	0.0687563
802	0.0586776
802.5	0.0542944
803	0.0826611
803.5	0.0421587
804	0.131168
804.5	0.0429543
805	0.155413
805.5	0.031524
806	0.179294
806.5	0.0135257
807	0.250594
807.5	0.00780493
808	0.306117
808.5	0.00298309
809	0.323753
809.5	0.00134243
810	0.392062
810.5	0.012915
811	0.481552
811.5	0.0260858
812	0.496466
812.5	0.067317
813	0.52326
813.5	0.152159
814	0.615458
814.5	0.224492
815	0.634321
815.5	0.329424
816	0.595502
816.5	0.574679
817	0.661024
817.5	0.856955
818	0.713361
818.5	1.17429
819	0.614351
819.5	1.97183
820	0.60711
820.5	3.4664
821	0.730669
821.5	5.87693
822	0.5401
822.5	10.1484
823	0.205044
823.5	10.0555
824	0.0421864
824.5	2.99542
825	0.0268568
825.5	6.03961
826	0.0960633
826.5	2.71712
827	0.271031
827.5	4.59673
828	0.557917
828.5	2.32672
829	0.490118
829.5	2.30215
830	1.17912
830.5	2.86022
831	1.54172
831.5	1.6498
832	1.12747
832.5	0.909356
833	1.41789
833.5	1.04686
834	2.6966
834.5	1.09883
835	3.81798
835.5	0.801992
836	3.99259
836.5	0.398179
837	3.49218
837.5	0.136897
838	2.72031
838.5	0.0273504
839	1.95132
839.5	0.00013317
840	1.38641
840.5	0.0128561
841	1.0141
841.5	0.0361291
842	0.738811
842.5	0.0654778
843	0.541086
843.5	0.0925461
844	0.411657
844.5	0.107213
845	0.302488
845.5	0.124756
846	0.209804
846.5	0.144263
847	0.14972
847.5	0.143004
848	0.103693
848.5	0.137615
849	0.0620229
849.5	0.145155
850	0.0377342
850.5	0.140397
851	0.0255706
851.5	0.122216
852	0.0117316
852.5	0.116611
853	0.00314937
853.5	0.109492
854	0.00115995
854.5	0.0892888
855	6.97571e-06
855.5	0.0744036
856	0.00190203
856.5	0.0658281
857	0.00299847
857.5	0.0561661
858	0.00424376
858.5	0.0444277
859	0.00842512
859.5	0.0361572
860	0.0100909
860.5	0.0341247
861	0.011633
861.5	0.0262387
862	0.0119518
862.5	0.0178281
863	0.0158109
863.5	0.0154459
864	0.0174753
864.5	0.0118056
865	0.0124808
865.5	0.00625652
866	0.0175444
866.5	0.0040706
867	0.0157222
867.5	0.00389971
868	0.0127553
868.5	0.00117112
869	0.0118968
869.5	0.00054973
870	0.012351
870.5	0.000212858
871	0.00991176
871.5	0.000341845
872	0.00651994
872.5	0.000278776
873	0.00805747
873.5	5.69892e-05
874	0.00607838
874.5	0.000300254
875	0.00402785
875.5	0.000699053
876	0.003725
876.5	0.00122766
877	0.00388155
877.5	0.000192086
878	0.00222971
878.5	0.00170776
879	0.00153674
879.5	0.000908663
880	0.00159466
880.5	0.00134726
881	0.00157461
881.5	0.00134175
882	0.000803914
882.5	0.00108147
883	0.000543809
883.5	0.00197921
884	0.00187836
884.5	0.00121175
885	0.0016573
885.5	0.00134237
886	0.000549796
886.5	0.00151866
887	0.00365298
887.5	0.00121991
888	0.00922014
888.5	0.0027841
889	0.0103236
889.5	0.00378684
890	0.00648774
890.5	0.00188197
891	0.00593007
891.5	0.000261089
892	0.00709995
892.5	0.000641119
893	0.00471696
893.5	0.000549421
894	0.00229159
894.5	4.53401e-06
895	0.0031768
895.5	0.000285562
896	0.00361453
896.5	0.000330766
897	0.00179189
897.5	8.55989e-05
898	0.00147324
898.5	0.000273551
899	0.00257563
899.5	0.000203745
900	0.00162556
900.5	1.69304e-06
901	0.00053648
901.5	0.000422109
902	0.00121697
902.5	0.000404744
903	0.00130947
903.5	7.42613e-05
904	0.000285202
904.5	0.000402272
905	0.000409079
905.5	0.000770075
906	0.00088498
906.5	0.000304093
907	0.000322218
907.5	0.000175342
908	2.77372e-05
908.5	0.00091522
909	0.000340772
909.5	0.000594533
910	0.000248547
910.5	8.52262e-05
911	6.06845e-05
911.5	0.00057395
912	0.000125629
912.5	0.000801607
913	8.23294e-05
913.5	0.000138685
914	0.000100721
914.5	0.000192334
915	0.000173345
915.5	0.000650064
916	6.19968e-05
916.5	0.000321757
917	4.55999e-05
917.5	3.37896e-06
918	0.000233117
918.5	0.000349672
919	0.000252401
919.5	0.000384624
920	1.95642e-05
920.5	4.08681e-05
921	0.000176362
921.5	8.97738e-05
922	0.00031952
922.5	0.000291471
923	9.45198e-05
923.5	0.000130146
924	6.1411e-05
924.5	5.37017e-05
925	0.000357142
925.5	0.000167448
926	0.000238756
926.5	0.000120245
927	1.60096e-06
927.5	7.97834e-05
928	0.000189881
928.5	0.00016734
929	0.000351808
929.5	0.000102598
930	7.90208e-05
930.5	6.77342e-05
931	6.1926e-05
931.5	0.000181182
932	0.000273036
932.5	0.000120813
933	0.00019996
933.5	2.28587e-05
934	1.93167e-05
934.5	0.000213175
935	0.000190477
935.5	0.000325028
936	0.000251412
936.5	5.51146e-05
937	4.20429e-05
937.5	0.000139929
938	6.55641e-05
938.5	0.00035851
939	0.000214391
939.5	0.000165206
940	0.000125357
940.5	8.88383e-06
941	6.13116e-05
941.5	0.000290659
942	0.000186143
942.5	0.000374645
943	0.000206155
943.5	4.84406e-05
944	9.69687e-05
944.5	0.000153131
945	0.000282417
945.5	0.000534671
946	0.00028052
946.5	0.000266459
947	5.8138e-05
947.5	3.14812e-05
948	0.000285547
948.5	0.000485009
949	0.000402083
949.5	0.000545609
950	9.03168e-05
950.5	4.35666e-05
951	0.000114891
951.5	0.000306422
952	0.000502251
952.5	0.000581817
953	0.000278897
953.5	0.000171597
954	4.17758e-05
954.5	0.000204723
955	0.000503819
955.5	0.00108717
956	0.000548894
956.5	0.00112685
957	3.54976e-05
957.5	0.000393621
958	0.000572997
958.5	0.000525901
959	0.00153691
959.5	0.00126205
960	0.00117011
960.5	0.00114079
961	0.000573736
961.5	0.00028909
962	0.00124262
962.5	5.56231e-05
963	0.00130818
963.5	0.000359828
964	0.000374085
964.5	0.000399132
965	0.000108737
965.5	5.71264e-05
966	0.000858945
966.5	0.000128843
967	0.000784079
967.5	0.000494113
968	9.08452e-05
968.5	0.000341382
969	0.00028068
969.5	3.1707e-06
970	0.000595971
970.5	0.000288148
971	0.000210456
971.5	0.000522893
972	2.51906e-05
972.5	0.000185663
973	0.000189327
973.5	0.000106282
974	0.000287393
974.5	0.000876404
975	0.00016934
975.5	0.000765168
976	2.14175e-05
976.5	3.22796e-05
977	0.000603569
977.5	0.00095593
978	0.000757696
978.5	0.000913385
979	9.16501e-05
979.5	0.00024196
980	0.000743108
980.5	0.000320012
981	0.00166354
981.5	0.00116177
982	0.000732455
982.5	0.000458259
983	0.000937252
983.5	0.000121437
984	0.00266438
984.5	0.000564285
985	0.00261243
985.5	0.000504519
986	0.00128359
986.5	3.62521e-05
987	0.00380023
987.5	0.000406337
988	0.00469334
988.5	0.000105572
989	0.00300335
989.5	0.000177058
990	0.00353254
990.5	0.00103725
991	0.0066876
991.5	0.000480937
992	0.00491493
992.5	0.000852412
993	0.00316634
993.5	0.00320316
994	0.00689838
994.5	0.00325778
995	0.00630131
995.5	0.00240032
996	0.00362062
996.5	0.00657284
997	0.00403558
997.5	0.00927694
998	0.00622158
998.5	0.0072404
999	0.00327169
999.5	0.0102437
1000	0.00133682
1000.5	0.0182786
1001	0.00333843
1001.5	0.0174426
1002	0.00175137
1002.5	0.016405
1003	2.97143e-05
1003.5	0.0283596
1004	0.000532334
1004.5	0.0320561
1005	1.35465e-05
1005.5	0.0262241
1006	0.002297
1006.5	0.0343648
1007	0.00618916
1007.5	0.0439646
1008	0.00550882
1008.5	0.0373194
1009	0.0117884
1009.5	0.0348783
1010	0.0269185
1010.5	0.0454544
1011	0.0306937
1011.5	0.0425905
1012	0.0372939
1012.5	0.0283918
1013	0.0700971
1013.5	0.0308079
1014	0.0931698
1014.5	0.031551
1015	0.0971143
1015.5	0.0146109
1016	0.140406
1016.5	0.00731033
1017	0.2004
1017.5	0.00809985
1018	0.209885
1018.5	0.00165529
1019	0.241322
1019.5	0.00464044
1020	0.342513
1020.5	0.00965711
1021	0.381425
1021.5	0.0210139
1022	0.371526
1022.5	0.0874909
1023	0.499967
1023.5	0.147088
1024	0.636012
1024.5	0.179825
1025	0.603082
1025.5	0.451865
1026	0.795055
1026.5	1.02876
1027	1.42985
1027.5	1.60878
1028	1.5212
1028.5	2.4831
1029	0.744497
1029.5	2.56604
1030	0.457975
1030.5	0.768138
1031	0.192649
1031.5	1.98504
1032	0.0660313
1032.5	1.1084
1033	0.0580758
1033.5	1.65805
1034	0.00335764
1034.5	0.776817
1035	0.00875119
1035.5	1.46668
1036	0.0387055
1036.5	1.20498
1037	0.0562525
1037.5	0.62364
1038	0.130521
1038.5	0.991801
1039	0.300256
1039.5	1.03719
1040	0.327276
1040.5	0.5523
1041	0.278393
1041.5	0.347351
1042	0.404555
1042.5	0.444848
1043	0.749373
1043.5	0.483777
1044	1.12216
1044.5	0.388817
1045	1.3035
1045.5	0.247608
1046	1.19985
1046.5	0.108872
1047	0.988797
1047.5	0.033859
1048	0.753443
1048.5	0.00768548
1049	0.523294
1049.5	8.95433e-05
1050	0.371931
1050.5	0.00441036
1051	0.281253
1051.5	0.0106894
1052	0.203328
1052.5	0.0155346
1053	0.144474
1053.5	0.0231681
1054	0.111865
1054.5	0.0305596
1055	0.0839716
1055.5	0.0320471
1056	0.0559718
1056.5	0.0329255
1057	0.0386127
1057.5	0.0370006
1058	0.027428
1058.5	0.0369954
1059	0.0178222
1059.5	0.0326592
1060	0.0114427
1060.5	0.0335713
1061	0.00703713
1061.5	0.0332811
1062	0.003931
1062.5	0.0265567
1063	0.0017907
1063.5	0.0245638
1064	0.000378537
1064.5	0.0224112
1065	0.000136055
1065.5	0.0160749
1066	5.97057e-05
1066.5	0.0152747
1067	0.000516923
1067.5	0.0136108
1068	0.000484466
1068.5	0.0106195
1069	0.000958423
1069.5	0.0105898
1070	0.00170447
1070.5	0.0091685
1071	0.00093284
1071.5	0.00766132
1072	0.00255673
1072.5	0.0059781
1073	0.00198591
1073.5	0.00529396
1074	0.00263567
1074.5	0.00381917
1075	0.00235437
1075.5	0.00291832
1076	0.00258569
1076.5	0.00192942
1077	0.00282865
1077.5	0.00225888
1078	0.00166101
1078.5	0.000807077
1079	0.00259128
1079.5	0.000980777
1080	0.00162472
1080.5	0.000413954
1081	0.00185056
1081.5	0.000935299
1082	0.00111822
1082.5	0.000244495
1083	0.00137967
1083.5	0.000902421
1084	0.00106046
1084.5	0.000995099
1085	0.000768214
1085.5	0.000605743
1086	0.000947737
1086.5	0.00200863
1087	0.000740883
1087.5	0.000616332
1088	0.000630497
1088.5	0.00180731
1089	0.000404718
1089.5	0.00361067
1090	0.000490747
1090.5	0.00152041
1091	0.000490829
1091.5	0.00183397
1092	0.000875121
1092.5	0.00492746
1093	0.00265734
1093.5	0.00689383
1094	0.00513891
1094.5	0.00759577
1095	0.00581882
1095.5	0.00649213
1096	0.00402796
1096.5	0.00349765
1097	0.0036924
1097.5	0.00160264
1098	0.00374928
1098.5	0.0014508
1099	0.00264121
1099.5	0.00110363
1100	0.00161735
1100.5	0.000458441
1101	0.00162403
1101.5	0.000520292
1102	0.00165909
1102.5	0.000575906
1103	0.00109265
1103.5	0.000198376
1104	0.00102245
1104.5	2.73544e-05
1105	0.00149614
1105.5	0.000113295
1106	0.00105488
1106.5	6.76521e-05
1107	0.000612311
1107.5	1.74769e-05
1108	0.000840733
1108.5	4.82343e-05
1109	0.000809946
1109.5	3.01449e-05
1110	0.000392346
1110.5	4.33708e-05
1111	0.00038709
1111.5	0.000129709
1112	0.000553509
1112.5	8.8702e-05
1113	0.000283014
1113.5	4.12578e-05
1114	0.000111581
1114.5	0.000263253
1115	0.000279791
1115.5	0.000192262
1116	0.000190766
1116.5	7.02175e-05
1117	1.22908e-05
1117.5	0.000215749
1118	9.08475e-05
1118.5	0.000321473
1119	5.71247e-05
1119.5	8.23656e-05
1120	1.67075e-05
1120.5	0.000139695
1121	1.89893e-05
1121.5	0.000306411
1122	1.98519e-05
1122.5	0.000143098
1123	8.77788e-06
1123.5	4.50932e-05
1124	4.1126e-05
1124.5	0.000173407
1125	6.13101e-05
1125.5	0.000171182
1126	1.60009e-05
1126.5	1.77745e-05
1127	5.06058e-05
1127.5	4.70289e-05
1128	6.25878e-05
1128.5	0.000142184
1129	2.33455e-05
1129.5	5.97156e-05
1130	1.35075e-05
1130.5	5.90119e-06
1131	0.00011613
1131.5	8.83067e-05
1132	7.6878e-05
1132.5	5.49745e-05
1133	2.42526e-06
1133.5	3.76379e-06
1134	6.10839e-05
1134.5	5.04232e-05
1135	0.00014377
1135.5	5.05e-05
1136	2.62032e-05
1136.5	7.86073e-06
1137	2.29029e-05
1137.5	3.76593e-05
1138	0.000116955
1138.5	3.75237e-05
1139	6.42233e-05
1139.5	8.10757e-06
1140	1.02823e-06
1140.5	4.06677e-05
1141	7.23315e-05
1141.5	0.000123347
1142	9.70796e-05
1142.5	2.39985e-05
1143	1.38152e-05
1143.5	4.63232e-05
1144	2.85724e-05
1144.5	0.00012791
1145	9.64467e-05
1145.5	5.60359e-05
1146	6.11757e-05
1146.5	7.32879e-06
1147	3.4793e-06
1147.5	0.000103379
1148	7.78173e-05
1148.5	0.000124347
1149	9.88352e-05
1149.5	4.20925e-05
1150	1.358e-05
1150.5	5.64106e-05
1151	9.89457e-05
1151.5	0.000193355
1152	0.000154976
1152.5	0.000138328
1153	4.18047e-05
1153.5	2.56287e-05
1154	6.9569e-05
1154.5	0.000242246
1155	0.000270206
1155.5	0.000340176
1156	0.000127436
1156.5	8.1785e-05
1157	2.56536e-06
1157.5	0.000198879
1158	0.000213024
1158.5	0.000400882
1159	0.000244547
1159.5	0.00022149
1160	0.000105085
1160.5	0.000207338
1161	0.000149162
1161.5	0.000817167
1162	0.000267429
1162.5	0.000973311
1163	6.75577e-05
1163.5	0.000707649
1164	4.1569e-05
1164.5	0.000835221
1165	0.00035078
1165.5	0.00154634
1166	0.000372119
1166.5	0.00149542
1167	0.000243472
1167.5	0.000730212
1168	0.000397768
1168.5	0.000247191
1169	0.000435311
1169.5	0.000240279
1170	0.000137085
1170.5	0.000193553
1171	4.38039e-05
1171.5	2.79628e-05
1172	0.00036622
1172.5	0.000165265
1173	0.000401543
1173.5	0.000345174
1174	6.1648e-05
1174.5	0.000135657
1175	0.000144524
1175.5	1.37303e-05
1176	0.000383731
1176.5	0.00021097
1177	0.000140372
1177.5	0.000227086
1178	2.82601e-05
1178.5	3.31313e-05
1179	0.000101541
1179.5	0.000104645
1180	7.15268e-05
1180.5	0.000401485
1181	2.42388e-05
1181.5	0.000255584
1182	1.095e-05
1182.5	4.10464e-05
1183	0.000167963
1183.5	0.000556731
1184	0.000190528
1184.5	0.000413702
1185	5.76213e-06
1185.5	0.000152963
1186	0.000185627
1186.5	0.000297062
1187	0.000357221
1187.5	0.000800759
1188	0.000164451
1188.5	0.000332625
1189	0.000231694
1189.5	0.000260842
1190	0.000839819
1190.5	0.000616807
1191	0.000660702
1191.5	0.000486023
1192	0.00039544
1192.5	5.72291e-05
1193	0.001359
1193.5	0.00047307
1194	0.00165525
1194.5	0.000388966
1195	0.00110504
1195.5	6.16209e-05
1196	0.00170166
1196.5	8.60701e-05
1197	0.00316934
1197.5	0.00023335
1198	0.00230392
1198.5	1.3242e-05
1199	0.0020599
1199.5	0.000304031
1200	0.00407761
1200.5	0.000496479
1201	0.0036279
1201.5	0.000237351
1202	0.00278796
1202.5	0.00137624
1203	0.00350988
1203.5	0.00210896
1204	0.00507688
1204.5	0.00146603
1205	0.00319748
1205.5	0.00298102
1206	0.00258912
1206.5	0.00547817
1207	0.00449036
1207.5	0.0050208
1208	0.0031548
1208.5	0.00553068
1209	0.00165336
1209.5	0.0103716
1210	0.00228157
1210.5	0.0118028
1211	0.00211615
1211.5	0.0110449
1212	0.000509424
1212.5	0.0164448
1213	0.000272755
1213.5	0.0218897
1214	0.00019704
1214.5	0.0207166
1215	0.000316533
1215.5	0.0222586
1216	0.00282271
1216.5	0.0305156
1217	0.00334689
1217.5	0.031458
1218	0.00508766
1218.5	0.0265436
1219	0.0142219
1219.5	0.0333343
1220	0.0202705
1220.5	0.0380968
1221	0.0228074
1221.5	0.0273763
1222	0.041423
1222.5	0.0255265
1223	0.0665446
1223.5	0.032073
1224	0.0743245
1224.5	0.0212011
1225	0.0977724
1225.5	0.00919296
1226	0.155406
1226.5	0.0109378
1227	0.186996
1227.5	0.00628126
1228	0.206587
1228.5	0.000328208
1229	0.313861
1229.5	0.0043831
1230	0.436603
1230.5	0.00576147
1231	0.489931
1231.5	0.0618862
1232	0.767931
1232.5	0.19328
1233	1.39831
1233.5	0.266554
1234	1.4762
1234.5	0.355935
1235	0.638236
1235.5	0.428205
1236	0.443113
1236.5	0.157238
1237	0.373741
1237.5	0.513697
1238	0.171204
1238.5	0.359208
1239	0.238523
1239.5	0.50989
1240	0.0799011
1240.5	0.284275
1241	0.0541345
1241.5	0.623916
1242	0.0427726
1242.5	0.350763
1243	0.00966633
1243.5	0.367707
1244	0.000368123
1244.5	0.592658
1245	0.00257131
1245.5	0.365834
1246	0.00595492
1246.5	0.28112
1247	0.0302515
1247.5	0.446415
1248	0.0774733
1248.5	0.435211
1249	0.0837129
1249.5	0.239686
1250	0.0758081
1250.5	0.156581
1251	0.124457
1251.5	0.204049
1252	0.243253
1252.5	0.244077
1253	0.378412
1253.5	0.214881
1254	0.477828
1254.5	0.154967
1255	0.48246
1255.5	0.0851402
1256	0.419049
1256.5	0.0350599
1257	0.329374
1257.5	0.0131632
1258	0.233935
1258.5	0.00294921
1259	0.16612
1259.5	3.12352e-05
1260	0.12465
1260.5	0.00117855
1261	0.0882724
1261.5	0.00210784
1262	0.061005
1262.5	0.004325
1263	0.0480815
1263.5	0.00741538
1264	0.0371758
1264.5	0.00718232
1265	0.0245216
1265.5	0.00711012
1266	0.0169186
1266.5	0.010189
1267	0.0126687
1267.5	0.00951913
1268	0.00895006
1268.5	0.00717575
1269	0.00603113
1269.5	0.0094534
1270	0.00419716
1270.5	0.0089593
1271	0.00335329
1271.5	0.00612016
1272	0.00181827
1272.5	0.00733409
1273	0.000795242
1273.5	0.00566789
1274	0.000774047
1274.5	0.00384548
1275	0.000150551
1275.5	0.00437754
1276	0.000381039
1276.5	0.00291601
1277	0.000195732
1277.5	0.00342378
1278	0.000287213
1278.5	0.00301236
1279	0.000356261
1279.5	0.00312344
1280	3.95534e-05
1280.5	0.0030712
1281	0.000427788
1281.5	0.00246788
1282	8.24273e-05
1282.5	0.00259097
1283	0.000519027
1283.5	0.00242963
1284	5.45663e-05
1284.5	0.00154003
1285	0.000974129
1285.5	0.00187483
1286	0.000148146
1286.5	0.00145274
1287	0.000886113
1287.5	0.00170461
1288	0.000240771
1288.5	0.000742338
1289	0.00110635
1289.5	0.00185062
1290	0.000293089
1290.5	0.00131431
1291	0.000889695
1291.5	0.00125842
1292	0.000763233
1292.5	0.00287686
1293	0.000202998
1293.5	0.00136011
1294	0.00047906
1294.5	0.00393043
1295	0.000247669
1295.5	0.00516165
1296	0.000226488
1296.5	0.00185038
1297	0.000209179
1297.5	0.00505478
1298	0.000153369
1298.5	0.0124758
1299	0.000213397
1299.5	0.0147999
1300	0.00070374
1300.5	0.0128031
1301	0.00130431
1301.5	0.00933645
1302	0.00138941
1302.5	0.00582366
1303	0.00150013
1303.5	0.00342096
1304	0.00140563
1304.5	0.00235916
1305	0.00128206
1305.5	0.00179655
1306	0.000926278
1306.5	0.00119926
1307	0.000731796
1307.5	0.00097991
1308	0.000826953
1308.5	0.000818759
1309	0.000735489
1309.5	0.000474292
1310	0.000681795
1310.5	0.000245892
1311	0.000799652
1311.5	0.000271052
1312	0.000558265
1312.5	0.000227309
1313	0.000464059
1313.5	5.55697e-05
1314	0.000534076
1314.5	4.6324e-05
1315	0.000584712
1315.5	4.94989e-05
1316	0.000443406
1316.5	1.43842e-05
1317	0.000334985
1317.5	1.03291e-05
1318	0.000426043
1318.5	1.9028e-05
1319	0.000282283
1319.5	3.19898e-06
1320	0.000172454
1320.5	4.87057e-05
1321	0.000215417
1321.5	5.37489e-05
1322	0.000196278
1322.5	3.0819e-05
1323	8.50909e-05
1323.5	5.16627e-05
1324	9.75779e-05
1324.5	0.000141472
1325	7.84832e-05
1325.5	4.68642e-05
1326	4.83176e-05
1326.5	7.99892e-05
1327	1.20066e-05
1327.5	0.000131098
1328	2.12178e-05
1328.5	8.7733e-05
1329	9.31898e-06
1329.5	7.18832e-05
1330	8.95675e-07
1330.5	9.46764e-05
1331	1.60922e-05
1331.5	0.000118601
1332	1.00469e-05
1332.5	3.18401e-05
1333	1.56376e-05
1333.5	5.34307e-05
1334	7.53579e-06
1334.5	7.45492e-05
1335	7.94968e-06
1335.5	3.54913e-05
1336	2.36878e-06
1336.5	1.00614e-05
1337	2.97261e-05
1337.5	4.88954e-05
1338	2.19085e-05
1338.5	3.79566e-05
1339	4.93492e-06
1339.5	6.38433e-06
1340	1.7771e-05
1340.5	2.31581e-05
1341	6.17463e-05
1341.5	3.62128e-05
1342	2.11568e-05
1342.5	3.66428e-06
1343	1.48349e-05
1343.5	8.52832e-06
1344	5.50892e-05
1344.5	1.74356e-05
1345	2.95167e-05
1345.5	1.43945e-05
1346	1.91184e-05
1346.5	8.29456e-07
1347	2.43335e-05
1347.5	5.18194e-05
1348	4.39891e-05
1348.5	2.1014e-05
1349	2.26319e-05
1349.5	1.3874e-05
1350	1.90241e-05
1350.5	6.28005e-05
1351	4.14857e-05
1351.5	1.96396e-05
1352	4.57422e-05
1352.5	2.41342e-05
1353	1.27041e-05
1353.5	4.21117e-05
1354	3.82079e-05
1354.5	4.27038e-05
1355	6.38308e-05
1355.5	7.3147e-05
1356	1.53775e-05
1356.5	4.10757e-05
1357	4.67633e-05
1357.5	6.83093e-05
1358	7.26194e-05
1358.5	7.57635e-05
1359	3.93938e-05
1359.5	4.21042e-05
1360	2.85744e-05
1360.5	9.99613e-05
1361	0.000182311
1361.5	0.000169939
1362	0.000140456
1362.5	8.27903e-05
1363	2.39188e-05
1363.5	0.000128732
1364	0.000132986
1364.5	0.0002737
1365	0.000295727
1365.5	0.000228855
1366	0.00033501
1366.5	0.000159444
1367	0.000254153
1367.5	0.000442046
1368	0.000356065
1368.5	0.000665286
1369	0.000278604
1369.5	0.00075754
1370	8.48434e-05
1370.5	0.000861784
1371	5.43992e-06
1371.5	0.00137205
1372	5.46756e-05
1372.5	0.00143183
1373	4.65421e-05
1373.5	0.000997496
1374	3.67254e-05
1374.5	0.000314667
1375	8.5435e-05
1375.5	0.000146136
1376	5.20961e-05
1376.5	0.000225983
1377	3.41328e-06
1377.5	0.00017091
1378	9.05694e-05
1378.5	0.000141173
1379	0.00013843
1379.5	0.00018791
1380	2.68451e-05
1380.5	0.00011752
1381	4.0989e-05
1381.5	3.91852e-05
1382	0.000169217
1382.5	0.000149306
1383	0.000105484
1383.5	0.000162991
1384	5.93215e-06
1384.5	2.10014e-05
1385	6.29042e-05
1385.5	9.84529e-05
1386	3.09058e-05
1386.5	0.000171786
1387	1.11746e-05
1387.5	8.46392e-05
1388	2.01373e-06
1388.5	4.88949e-05
1389	4.45196e-05
1389.5	0.000266451
1390	6.80471e-05
1390.5	0.000175058
1391	1.33774e-05
1391.5	0.000112018
1392	3.53941e-05
1392.5	0.00019155
1393	3.99297e-05
1393.5	0.000386539
1394	5.15698e-05
1394.5	0.000240224
1395	1.78739e-05
1395.5	0.000254175
1396	0.000165121
1396.5	0.000456816
1397	0.000142366
1397.5	0.000415461
1398	0.000131381
1398.5	0.000212939
1399	0.00033015
1399.5	0.000500831
1400	0.000501657
1400.5	0.000386766
1401	0.00036073
1401.5	0.000250503
1402	0.00062608
1402.5	0.000165688
1403	0.00109556
1403.5	0.000391744
1404	0.000973744
1404.5	0.000132584
1405	0.00112726
1405.5	7.96083e-05
1406	0.00190322
1406.5	0.000129529
1407	0.00191751
1407.5	3.10536e-05
1408	0.00192929
1408.5	8.02017e-05
1409	0.0022604
1409.5	0.000239484
1410	0.00312979
1410.5	0.000158203
1411	0.00248709
1411.5	0.000566794
1412	0.00262789
1412.5	0.00114196
1413	0.00360613
1413.5	0.00131112
1414	0.00310574
1414.5	0.00168074
1415	0.00277087
1415.5	0.00306426
1416	0.00286926
1416.5	0.00388654
1417	0.00311805
1417.5	0.00419745
1418	0.00230375
1418.5	0.00608786
1419	0.00168617
1419.5	0.00848525
1420	0.00209754
1420.5	0.00953145
1421	0.00126012
1421.5	0.0112203
1422	0.000269696
1422.5	0.0157792
1423	0.000241928
1423.5	0.0185006
1424	1.93903e-05
1424.5	0.0187714
1425	0.000770334
1425.5	0.0236379
1426	0.00200001
1426.5	0.0279212
1427	0.00333014
1427.5	0.0267939
1428	0.00745823
1428.5	0.0298978
1429	0.0137451
1429.5	0.0362835
1430	0.0193758
1430.5	0.0333103
1431	0.0301672
1431.5	0.0294054
1432	0.0514586
1432.5	0.0331868
1433	0.0723539
1433.5	0.0315763
1434	0.0956889
1434.5	0.0224766
1435	0.150196
1435.5	0.0202299
1436	0.233845
1436.5	0.0195127
1437	0.340113
1437.5	0.00760272
1438	0.576393
1438.5	2.2925e-05
1439	0.968532
1439.5	0.00251047
1440	0.957723
1440.5	0.0103479
1441	0.352035
1441.5	0.03231
1442	0.295658
1442.5	0.0185755
1443	0.352404
1443.5	0.0629603
1444	0.14753
1444.5	0.0506866
1445	0.24693
1445.5	0.0942601
1446	0.105029
1446.5	0.0779186
1447	0.137196
1447.5	0.176781
1448	0.0871015
1448.5	0.097906
1449	0.0492147
1449.5	0.187899
1450	0.0545235
1450.5	0.18794
1451	0.0219029
1451.5	0.105891
1452	0.0119736
1452.5	0.20451
1453	0.00594689
1453.5	0.2251
1454	0.000635539
1454.5	0.13142
1455	0.000563856
1455.5	0.145734
1456	0.00555489
1456.5	0.219507
1457	0.016215
1457.5	0.197083
1458	0.0217624
1458.5	0.116354
1459	0.0221816
1459.5	0.0800961
1460	0.038183
1460.5	0.100736
1461	0.0806151
1461.5	0.127945
1462	0.137804
1462.5	0.128492
1463	0.184959
1463.5	0.101434
1464	0.20614
1464.5	0.0629599
1465	0.195103
1465.5	0.033644
1466	0.153618
1466.5	0.0160866
1467	0.11056
1467.5	0.00534548
1468	0.084094
1468.5	0.000898851
1469	0.0623805
1469.5	0.00030101
1470	0.0403207
1470.5	0.000302954
1471	0.0280992
1471.5	0.000547959
1472	0.0237579
1472.5	0.00140093
1473	0.0170056
1473.5	0.00130807
1474	0.0108246
1474.5	0.00131639
1475	0.00855171
1475.5	0.00252438
1476	0.00617142
1476.5	0.00177901
1477	0.00404215
1477.5	0.00130213
1478	0.0032333
1478.5	0.00258538
1479	0.0029128
1479.5	0.00135706
1480	0.00239526
1480.5	0.00123395
1481	0.00132074
1481.5	0.00218426
1482	0.00148369
1482.5	0.000600354
1483	0.000990708
1483.5	0.000967695
1484	0.000637154
1484.5	0.000767904
1485	0.0010975
1485.5	0.000450503
1486	0.000578358
1486.5	0.000519763
1487	0.0017106
1487.5	0.000396594
1488	0.000547033
1488.5	0.0012036
1489	0.0017019
1489.5	0.000667527
1490	0.000880752
1490.5	0.000895341
1491	0.00157884
1491.5	0.00121337
1492	0.000759735
1492.5	0.00128675
1493	0.00200902
1493.5	0.000922828
1494	0.000873341
1494.5	0.000981138
1495	0.00220258
1495.5	0.00197373
1496	0.000809854
1496.5	0.0012256
1497	0.0034806
1497.5	0.0011713
1498	0.00151479
1498.5	0.00263642
1499	0.00138156
1499.5	0.00174709
1500	0.00352411
1500.5	0.00335082
1501	0.00164969
1501.5	0.0040565
1502	0.00115402
1502.5	0.0027679
1503	0.0016176
1503.5	0.00908693
1504	0.00162693
1504.5	0.0177547
1505	0.00154413
1505.5	0.0187762
1506	0.000827649
1506.5	0.0141073
1507	0.000144062
1507.5	0.00973148
1508	3.78894e-05
1508.5	0.00714706
1509	0.000137217
1509.5	0.00481004
1510	0.000185752
1510.5	0.00321083
1511	0.000346011
1511.5	0.00250305
1512	0.000262264
1512.5	0.00185954
1513	0.000190789
1513.5	0.00143826
1514	0.000322299
1514.5	0.00109596
1515	0.000399872
1515.5	0.000785061
1516	0.000430542
1516.5	0.000605804
1517	0.000425891
1517.5	0.000497781
1518	0.000280096
1518.5	0.000357629
1519	0.000336586
1519.5	0.000214962
1520	0.000332104
1520.5	0.000176896
1521	0.00032899
1521.5	0.000139374
1522	0.000274429
1522.5	0.000111413
1523	0.000245375
1523.5	2.85221e-05
1524	0.000359823
1524.5	1.74587e-05
1525	0.000241214
1525.5	2.933e-05
1526	0.000215581
1526.5	1.88975e-06
1527	0.000218847
1527.5	1.09338e-05
1528	0.000192156
1528.5	4.89252e-06
1529	0.00011088
1529.5	7.61795e-06
1530	0.000105339
1530.5	5.49506e-05
1531	0.000115992
1531.5	7.59842e-06
1532	7.88242e-05
1532.5	3.89385e-05
1533	4.0644e-05
1533.5	5.52152e-05
1534	5.01679e-05
1534.5	4.77316e-05
1535	3.19323e-05
1535.5	5.59714e-05
1536	8.39171e-06
1536.5	5.50608e-05
1537	1.44031e-05
1537.5	8.25043e-05
1538	1.43762e-05
1538.5	3.55593e-05
1539	3.45808e-06
1539.5	6.6508e-05
1540	4.02269e-06
1540.5	6.59251e-05
1541	5.29488e-06
1541.5	4.0913e-05
1542	2.52964e-07
1542.5	2.43305e-05
1543	1.09479e-05
1543.5	4.23866e-05
1544	8.88264e-06
1544.5	2.58976e-05
1545	2.73471e-06
1545.5	1.03407e-05
1546	6.71817e-06
1546.5	2.16107e-05
1547	2.19009e-05
1547.5	2.9471e-05
1548	1.83363e-05
1548.5	1.04653e-05
1549	1.1009e-05
1549.5	1.20418e-05
1550	3.52191e-05
1550.5	2.36015e-05
1551	2.28924e-05
1551.5	1.40659e-05
1552	2.86822e-05
1552.5	2.08211e-06
1553	1.19988e-05
1553.5	2.98212e-05
1554	3.52295e-05
1554.5	2.19135e-05
1555	3.30314e-05
1555.5	6.44659e-06
1556	1.20366e-05
1556.5	4.78709e-05
1557	3.80975e-05
1557.5	1.30624e-05
1558	3.43571e-05
1558.5	3.62316e-05
1559	1.60918e-05
1559.5	3.56984e-05
1560	3.59079e-05
1560.5	2.19555e-05
1561	4.51134e-05
1561.5	7.83036e-05
1562	3.21617e-05
1562.5	6.82852e-05
1563	3.28021e-05
1563.5	3.43939e-05
1564	5.21553e-05
1564.5	5.96364e-05
1565	5.18415e-05
1565.5	9.27414e-05
1566	4.29326e-05
1566.5	7.55523e-05
1567	0.00013805
1567.5	7.70793e-05
1568	0.000102815
1568.5	6.28168e-05
1569	4.65322e-05
1569.5	0.000127391
1570	0.000109934
1570.5	0.000207745
1571	0.000347433
1571.5	0.000204575
1572	0.000502765
1572.5	0.000102412
1573	0.000490713
1573.5	0.000154495
1574	0.000598993
1574.5	0.000324066
1575	0.000571999
1575.5	0.00049555
1576	0.000420596
1576.5	0.000636488
1577	0.000224547
1577.5	0.000995562
1578	0.000136399
1578.5	0.00104194
1579	6.09387e-05
1579.5	0.000771794
1580	2.41572e-05
1580.5	0.000229961
1581	9.2653e-06
1581.5	9.89859e-05
1582	2.48958e-05
1582.5	0.00027481
1583	2.08826e-05
1583.5	0.00030596
1584	5.20322e-06
1584.5	0.00012974
1585	2.85417e-05
1585.5	0.000115386
1586	1.99675e-05
1586.5	0.000166378
1587	3.72774e-06
1587.5	6.73351e-05
1588	5.57329e-05
1588.5	8.21582e-05
1589	5.71284e-05
1589.5	0.000152374
1590	1.94868e-07
1590.5	2.88355e-05
1591	4.06398e-05
1591.5	9.32379e-05
1592	2.44611e-05
1592.5	0.000106419
1593	1.72223e-05
1593.5	5.14879e-05
1594	3.03365e-05
1594.5	5.95443e-05
1595	1.20408e-05
1595.5	0.000106803
1596	5.06037e-05
1596.5	8.69701e-05
1597	8.82431e-06
1597.5	7.55599e-05
1598	1.08243e-05
1598.5	0.000105046
1599	1.61521e-05
1599.5	0.000187108
1600	2.27739e-05
1600.5	0.000163435
1601	8.04317e-06
1601.5	0.000153342
1602	1.9274e-05
1602.5	0.000245172
1603	3.42477e-05
1603.5	0.000281363
1604	2.36883e-05
1604.5	0.00024574
1605	2.31768e-05
1605.5	0.000361526
1606	0.000128434
1606.5	0.000372093
1607	8.11233e-05
1607.5	0.000390552
1608	0.000170699
1608.5	0.000273234
1609	0.000281702
1609.5	0.000422214
1610	0.000361266
1610.5	0.000279417
1611	0.000426584
1611.5	0.000296299
1612	0.000635961
1612.5	0.000185208
1613	0.000834203
1613.5	0.000303589
1614	0.0010235
1614.5	0.000121037
1615	0.00118005
1615.5	6.99108e-05
1616	0.00168265
1616.5	8.01378e-05
1617	0.00168875
1617.5	1.43282e-05
1618	0.00194782
1618.5	5.63812e-05
1619	0.00231042
1619.5	0.000187923
1620	0.00248137
1620.5	0.000259112
1621	0.0026861
1621.5	0.000582464
1622	0.00251795
1622.5	0.00107617
1623	0.00316959
1623.5	0.00132185
1624	0.00301103
1624.5	0.00188411
1625	0.00245941
1625.5	0.00293167
1626	0.00299415
1626.5	0.00379187
1627	0.00280413
1627.5	0.00446561
1628	0.00205098
1628.5	0.00633228
1629	0.00197428
1629.5	0.00864169
1630	0.00175516
1630.5	0.010037
1631	0.00105065
1631.5	0.0125645
1632	0.000342452
1632.5	0.0164896
1633	0.000145378
1633.5	0.0199943
1634	6.31275e-05
1634.5	0.022887
1635	0.000746822
1635.5	0.0269502
1636	0.00290341
1636.5	0.0319246
1637	0.00498889
1637.5	0.0354046
1638	0.00919705
1638.5	0.0382474
1639	0.0192055
1639.5	0.0462167
1640	0.0313155
1640.5	0.0547069
1641	0.0483472
1641.5	0.0562837
1642	0.0963103
1642.5	0.0687039
1643	0.187728
1643.5	0.0953614
1644	0.312725
1644.5	0.0907924
1645	0.463994
1645.5	0.0471749
1646	0.450114
1646.5	0.0201372
1647	0.161909
1647.5	0.00543926
1648	0.189871
1648.5	9.13521e-05
1649	0.257719
1649.5	0.000628882
1650	0.0931248
1650.5	0.00204755
1651	0.168026
1651.5	0.00817803
1652	0.0764485
1652.5	0.00447911
1653	0.128761
1653.5	0.013402
1654	0.0627015
1654.5	0.0112639
1655	0.0715713
1655.5	0.0471968
1656	0.0809564
1656.5	0.0323851
1657	0.0325774
1657.5	0.0450445
1658	0.0429143
1658.5	0.0886589
1659	0.0348347
1659.5	0.0501059
1660	0.015276
1660.5	0.0468125
1661	0.012691
1661.5	0.0976684
1662	0.00925026
1662.5	0.0889721
1663	0.00312353
1663.5	0.0525893
1664	0.000281314
1664.5	0.0749379
1665	0.000766025
1665.5	0.113195
1666	0.00188012
1666.5	0.095798
1667	0.00373412
1667.5	0.0575182
1668	0.00626812
1668.5	0.0428362
1669	0.0118224
1669.5	0.0535506
1670	0.0245019
1670.5	0.0679403
1671	0.049015
1671.5	0.0772597
1672	0.0737187
1672.5	0.0693623
1673	0.0881758
1673.5	0.0460159
1674	0.0917604
1674.5	0.0293307
1675	0.0732426
1675.5	0.017584
1676	0.0524023
1676.5	0.0067867
1677	0.0442976
1677.5	0.00208126
1678	0.0338718
1678.5	0.00156264
1679	0.0186153
1679.5	0.000903821
1680	0.0131838
1680.5	0.000134205
1681	0.0128531
1681.5	0.000601101
1682	0.00775224
1682.5	0.000839176
1683	0.00453366
1683.5	0.000356386
1684	0.0046035
1684.5	0.000951923
1685	0.00304519
1685.5	0.000798829
1686	0.00167312
1686.5	0.000508081
1687	0.00151906
1687.5	0.00120069
1688	0.00192265
1688.5	0.000336175
1689	0.001551
1689.5	0.000822858
1690	0.00108415
1690.5	0.00117237
1691	0.00155322
1691.5	0.000118194
1692	0.0010438
1692.5	0.00116215
1693	0.00161388
1693.5	0.000453237
1694	0.000751315
1694.5	0.000333046
1695	0.00268643
1695.5	0.000294894
1696	0.00185173
1696.5	0.000176059
1697	0.00290352
1697.5	8.6077e-05
1698	0.0023603
1698.5	0.000212435
1699	0.00465959
1699.5	2.0678e-05
1700	0.00230668
1700.5	0.000580379
1701	0.00432343
1701.5	0.000591659
1702	0.0025987
1702.5	0.000372375
1703	0.00741028
1703.5	0.00057218
1704	0.00267031
1704.5	0.0016432
1705	0.00491171
1705.5	0.00127577
1706	0.0102894
1706.5	0.00128968
1707	0.00405631
1707.5	0.00188985
1708	0.00396946
1708.5	0.00307985
1709	0.00965912
1709.5	0.00837237
1710	0.0114106
1710.5	0.0143383
1711	0.00976637
1711.5	0.0155035
1712	0.00645204
1712.5	0.0114087
1713	0.0030458
1713.5	0.00792138
1714	0.00113592
1714.5	0.00613791
1715	0.000591893
1715.5	0.0044743
1716	0.000418075
1716.5	0.00334038
1717	0.000207841
1717.5	0.0026184
1718	9.71301e-05
1718.5	0.0021308
1719	6.10639e-05
1719.5	0.00194302
1720	3.49907e-05
1720.5	0.00148018
1721	7.03568e-05
1721.5	0.00109771
1722	0.000171171
1722.5	0.000980954
1723	0.000146745
1723.5	0.000721094
1724	9.28112e-05
1724.5	0.000480629
1725	0.000245731
1725.5	0.000412444
1726	0.000230655
1726.5	0.0003817
1727	0.000174539
1727.5	0.000268281
1728	0.000166759
1728.5	0.000179679
1729	0.000203622
1729.5	0.000125267
1730	0.00022845
1730.5	0.000109007
1731	0.000100029
1731.5	6.94255e-05
1732	0.000201821
1732.5	2.07347e-05
1733	0.000197738
1733.5	4.48658e-05
1734	0.000159205
1734.5	1.01397e-05
1735	0.000129735
1735.5	1.86638e-07
1736	0.000158858
1736.5	2.09175e-05
1737	0.000142173
1737.5	3.64345e-06
1738	6.44288e-05
1738.5	1.99173e-05
1739	7.4887e-05
1739.5	1.80583e-05
1740	8.27373e-05
1740.5	1.72445e-05
1741	4.38951e-05
1741.5	2.79683e-05
1742	2.89755e-05
1742.5	4.206e-05
1743	4.92183e-05
1743.5	4.20543e-05
1744	2.6416e-05
1744.5	2.07322e-05
1745	2.77449e-06
1745.5	6.37756e-05
1746	2.67422e-05
1746.5	6.51238e-05
1747	4.69914e-06
1747.5	3.02375e-05
1748	1.9981e-07
1748.5	3.68455e-05
1749	1.14989e-05
1749.5	6.22484e-05
1750	9.39214e-06
1750.5	3.22798e-05
1751	6.39313e-07
1751.5	1.79303e-05
1752	1.06011e-05
1752.5	3.8643e-05
1753	1.29089e-05
1753.5	2.26728e-05
1754	8.51788e-06
1754.5	6.99833e-06
1755	8.71039e-06
1755.5	1.61873e-05
1756	3.5644e-05
1756.5	3.57989e-05
1757	1.88838e-05
1757.5	1.26492e-05
1758	1.59467e-05
1758.5	7.21071e-06
1759	2.11341e-05
1759.5	2.99827e-05
1760	4.01544e-05
1760.5	2.72776e-05
1761	3.33188e-05
1761.5	4.27092e-06
1762	8.87007e-06
1762.5	4.32415e-05
1763	6.10006e-05
1763.5	2.32428e-05
1764	3.33234e-05
1764.5	2.00082e-05
1765	1.0974e-05
1765.5	3.52169e-05
1766	5.78513e-05
1766.5	3.81616e-05
1767	5.20027e-05
1767.5	5.41363e-05
1768	2.09843e-05
1768.5	7.68667e-05
1769	3.56928e-05
1769.5	3.5529e-05
1770	5.24193e-05
1770.5	5.77688e-05
1771	4.05084e-05
1771.5	0.000127367
1772	6.06414e-05
1772.5	9.9931e-05
1773	0.000125731
1773.5	6.16189e-05
1774	7.31093e-05
1774.5	6.62906e-05
1775	5.62764e-05
1775.5	0.0002021
1776	0.000119667
1776.5	0.000276607
1777	0.000307453
1777.5	0.000277823
1778	0.000416835
1778.5	0.000114104
1779	0.000581647
1779.5	6.32098e-05
1780	0.000797126
1780.5	9.21711e-05
1781	0.000840086
1781.5	0.000155522
1782	0.000720805
1782.5	0.000327508
1783	0.00060157
1783.5	0.000577241
1784	0.000430503
1784.5	0.000561815
1785	0.000221603
1785.5	0.000373412
1786	5.48632e-05
1786.5	0.000116021
1787	2.0069e-05
1787.5	8.73208e-05
1788	6.99988e-05
1788.5	0.000205138
1789	4.45247e-05
1789.5	0.000278389
1790	1.61255e-05
1790.5	8.71541e-05
1791	1.1358e-05
1791.5	7.64118e-05
1792	1.91489e-05
1792.5	0.000211249
1793	3.69357e-06
1793.5	9.11126e-05
1794	1.45778e-05
1794.5	5.47361e-05
1795	3.78442e-05
1795.5	0.00015305
1796	4.49247e-06
1796.5	2.9744e-05
1797	1.97843e-05
1797.5	7.45495e-05
1798	2.09651e-05
1798.5	8.31971e-05
1799	1.26424e-05
1799.5	3.71457e-05
1800	4.49037e-05
1800.5	7.11627e-05
1801	7.32107e-06
1801.5	5.34114e-05
1802	6.30782e-05
1802.5	6.69958e-05
1803	1.55698e-05
1803.5	4.33815e-05
1804	2.35278e-05
1804.5	6.12537e-05
1805	2.94643e-05
1805.5	9.63602e-05
1806	1.41584e-05
1806.5	8.04609e-05
1807	2.24018e-05
1807.5	7.48101e-05
1808	9.53162e-06
1808.5	0.000152941
1809	3.50715e-05
1809.5	0.000159673
1810	8.04892e-06
1810.5	0.000148752
1811	2.4205e-05
1811.5	0.000204446
1812	2.24346e-05
1812.5	0.000264153
1813	2.1855e-05
1813.5	0.00028617
1814	2.45072e-05
1814.5	0.000264714
1815	3.59107e-05
1815.5	0.00041774
1816	8.63096e-05
1816.5	0.000356617
1817	9.34645e-05
1817.5	0.000391686
1818	0.000172048
1818.5	0.000273582
1819	0.000280391
1819.5	0.000448583
1820	0.000372274
1820.5	0.000242979
1821	0.000448917
1821.5	0.000287335
1822	0.000670686
1822.5	0.000283567
1823	0.000860596
1823.5	0.000159255
1824	0.0010991
1824.5	0.000173341
1825	0.00129636
1825.5	4.62673e-05
1826	0.00165228
1826.5	4.18316e-05
1827	0.00191342
1827.5	2.17287e-05
1828	0.00186535
1828.5	9.15754e-05
1829	0.00252969
1829.5	0.000203374
1830	0.00262939
1830.5	0.000368395
1831	0.00257247
1831.5	0.000693179
1832	0.00314085
1832.5	0.00116896
1833	0.00315591
1833.5	0.00156136
1834	0.00295452
1834.5	0.00226683
1835	0.00300439
1835.5	0.00341385
1836	0.00311793
1836.5	0.00419031
1837	0.00313286
1837.5	0.0052316
1838	0.00231321
1838.5	0.00772432
1839	0.00214804
1839.5	0.010773
1840	0.00239006
1840.5	0.0126979
1841	0.00106523
1841.5	0.0163212
1842	0.000190412
1842.5	0.0233835
1843	0.000227823
1843.5	0.0279141
1844	0.000109922
1844.5	0.0309905
1845	0.00198717
1845.5	0.0449611
1846	0.00432741
1846.5	0.0629529
1847	0.0066265
1847.5	0.0716265
1848	0.0242085
1848.5	0.106983
1849	0.0653302
1849.5	0.181815
1850	0.106008
1850.5	0.191465
1851	0.141925
1851.5	0.0994271
1852	0.146191
1852.5	0.046748
1853	0.0608193
1853.5	0.0360096
1854	0.0944086
1854.5	0.0103203
1855	0.142636
1855.5	0.0180217
1856	0.0514971
1856.5	0.00802616
1857	0.106531
1857.5	0.00121825
1858	0.0533556
1858.5	0.00128856
1859	0.0900612
1859.5	0.00273195
1860	0.0348819
1860.5	0.0012312
1861	0.0543413
1861.5	0.000769388
1862	0.0472329
1862.5	3.13874e-05
1863	0.0271683
1863.5	0.00330147
1864	0.0477993
1864.5	0.00965918
1865	0.0297911
1865.5	0.00839246
1866	0.0267716
1866.5	0.0231028
1867	0.0303412
1867.5	0.0303611
1868	0.0186708
1868.5	0.0147814
1869	0.0126914
1869.5	0.0218395
1870	0.0126763
1870.5	0.039684
1871	0.00913478
1871.5	0.0342901
1872	0.00482557
1872.5	0.0236266
1873	0.00140004
1873.5	0.0374111
1874	0.000415151
1874.5	0.0570426
1875	0.0004236
1875.5	0.0484869
1876	0.000168823
1876.5	0.0282381
1877	0.0012867
1877.5	0.02211
1878	0.00368791
1878.5	0.0286603
1879	0.00636357
1879.5	0.0367691
1880	0.0147149
1880.5	0.0448707
1881	0.0287126
1881.5	0.0472253
1882	0.0369638
1882.5	0.0346491
1883	0.0392379
1883.5	0.0237106
1884	0.0325416
1884.5	0.0169252
1885	0.0243669
1885.5	0.00782412
1886	0.0231072
1886.5	0.00305284
1887	0.0182123
1887.5	0.00297209
1888	0.00847407
1888.5	0.00182256
1889	0.00665065
1889.5	0.000655142
1890	0.00722594
1890.5	0.00161835
1891	0.00341806
1891.5	0.00167358
1892	0.00214934
1892.5	0.00107329
1893	0.00258067
1893.5	0.00208687
1894	0.00131862
1894.5	0.00142629
1895	0.000792517
1895.5	0.00218691
1896	0.000552779
1896.5	0.00259921
1897	0.000865668
1897.5	0.000865569
1898	0.00101952
1898.5	0.00376453
1899	0.000994632
1899.5	0.00172836
1900	0.000795169
1900.5	0.00212598
1901	0.0019246
1901.5	0.00298903
1902	0.00118746
1902.5	0.00216118
1903	0.00203186
1903.5	0.00221788
1904	0.00218194
1904.5	0.000763898
1905	0.00534797
1905.5	0.00207673
1906	0.00305276
1906.5	0.000662282
1907	0.00654099
1907.5	0.0003229
1908	0.00456583
1908.5	0.000301501
1909	0.0105015
1909.5	0.000166167
1910	0.00444425
1910.5	0.000243364
1911	0.00955424
1911.5	0.000109769
1912	0.016844
1912.5	6.38157e-05
1913	0.00593742
1913.5	0.00065537
1914	0.0106123
1914.5	0.00172158
1915	0.0271369
1915.5	0.00310531
1916	0.0300107
1916.5	0.00477097
1917	0.0224948
1917.5	0.00636749
1918	0.0144827
1918.5	0.00583988
1919	0.00872376
1919.5	0.00459025
1920	0.00463554
1920.5	0.00365527
1921	0.00246191
1921.5	0.00327846
1922	0.00180875
1922.5	0.00278014
1923	0.00135901
1923.5	0.00179301
1924	0.000739545
1924.5	0.0016734
1925	0.00039079
1925.5	0.00205169
1926	0.000249112
1926.5	0.00155333
1927	9.2461e-05
1927.5	0.00120793
1928	4.79956e-05
1928.5	0.00132114
1929	4.66288e-05
1929.5	0.000998143
1930	2.79616e-06
1930.5	0.000644329
1931	9.34433e-05
1931.5	0.00064497
1932	0.000112991
1932.5	0.000631003
1933	5.04409e-05
1933.5	0.000396155
1934	0.000104616
1934.5	0.000237408
1935	0.000214003
1935.5	0.000306776
1936	0.000139608
1936.5	0.000238966
1937	4.1833e-05
1937.5	9.76406e-05
1938	0.000210672
1938.5	9.54782e-05
1939	0.000122924
1939.5	0.000138674
1940	7.15492e-05
1940.5	4.30493e-05
1941	0.000104983
1941.5	1.62579e-05
1942	0.00017631
1942.5	5.1899e-05
1943	0.000129034
1943.5	3.58217e-05
1944	5.78857e-05
1944.5	7.86429e-06
1945	0.00014573
1945.5	1.89421e-05
1946	0.000112968
1946.5	1.3736e-05
1947	4.35856e-05
1947.5	1.54157e-05
1948	4.50934e-05
1948.5	3.83669e-05
1949	9.65803e-05
1949.5	1.12553e-05
1950	3.20875e-05
1950.5	5.71275e-06
1951	1.19596e-05
1951.5	5.14866e-05
1952	6.86393e-05
1952.5	7.08187e-05
1953	2.42206e-05
1953.5	7.7639e-06
1954	1.94591e-06
1954.5	3.82037e-05
1955	2.64234e-05
1955.5	7.59725e-05
1956	2.18674e-05
1956.5	3.39623e-05
1957	4.16628e-07
1957.5	1.94186e-05
1958	1.88659e-05
1958.5	7.92792e-05
1959	1.77042e-05
1959.5	3.16153e-05
1960	6.54907e-06
1960.5	7.59807e-06
1961	1.16475e-05
1961.5	2.90242e-05
1962	5.25294e-05
1962.5	5.7345e-05
1963	1.64328e-05
1963.5	1.16705e-05
1964	5.87181e-06
1964.5	8.56842e-06
1965	3.85724e-05
1965.5	4.12716e-05
1966	3.3049e-05
1966.5	3.65822e-05
1967	3.2412e-05
1967.5	1.50697e-06
1968	1.00383e-05
1968.5	4.77544e-05
1969	9.7872e-05
1969.5	4.77798e-05
1970	5.81777e-05
1970.5	3.03869e-06
1971	6.25585e-06
1971.5	3.30707e-05
1972	9.79158e-05
1972.5	6.51435e-05
1973	0.0001069
1973.5	1.74731e-05
1974	1.16159e-05
1974.5	5.73051e-05
1975	4.57805e-05
1975.5	6.14077e-05
1976	8.54712e-05
1976.5	7.56563e-05
1977	4.03894e-05
1977.5	0.000110325
1978	5.01253e-05
1978.5	0.000122729
1979	0.000107317
1979.5	7.23779e-05
1980	7.99792e-05
1980.5	7.20683e-05
1981	6.24124e-05
1981.5	0.000314675
1982	0.000120826
1982.5	0.000504478
1983	0.000222353
1983.5	0.000482803
1984	0.000231079
1984.5	0.000228576
1985	0.000449343
1985.5	0.000170159
1986	0.000750745
1986.5	0.000109866
1987	0.000892917
1987.5	3.64899e-05
1988	0.000797213
1988.5	7.48301e-05
1989	0.00084424
1989.5	0.000245614
1990	0.000687645
1990.5	0.000247751
1991	0.000344987
1991.5	0.000114434
1992	3.72095e-05
1992.5	5.7576e-05
1993	7.9996e-05
1993.5	8.53763e-05
1994	0.000190549
1994.5	0.000103006
1995	7.18006e-05
1995.5	0.000129513
1996	3.27708e-05
1996.5	4.9896e-05
1997	3.9425e-05
1997.5	5.54432e-05
1998	2.7948e-05
1998.5	0.000152555
1999	1.12978e-05
1999.5	7.64006e-05
2000	1.37129e-05
2000.5	4.69152e-05
2001	2.82604e-05
2001.5	0.000144986
2002	1.43843e-05
2002.5	3.21417e-05
2003	1.10519e-05
2003.5	7.33147e-05
2004	2.86921e-05
2004.5	9.5812e-05
2005	1.19721e-05
2005.5	1.96315e-05
2006	2.26063e-05
2006.5	5.94356e-05
2007	1.28975e-05
2007.5	3.89622e-05
2008	5.03317e-05
2008.5	5.27945e-05
2009	2.24327e-05
2009.5	2.09312e-05
2010	3.75474e-05
2010.5	5.65749e-05
2011	6.98835e-05
2011.5	6.70224e-05
2012	2.17648e-05
2012.5	2.5837e-05
2013	2.50327e-05
2013.5	4.70094e-05
2014	2.33265e-05
2014.5	9.92879e-05
2015	5.68098e-05
2015.5	5.36367e-05
2016	6.9101e-06
2016.5	7.27385e-05
2017	3.85337e-05
2017.5	0.000141799
2018	1.57113e-05
2018.5	0.000146134
2019	6.91414e-05
2019.5	0.000130687
2020	4.68218e-06
2020.5	0.000196786
2021	3.18674e-05
2021.5	0.000289136
2022	1.72863e-05
2022.5	0.000222148
2023	4.91916e-06
2023.5	0.000320256
2024	3.55316e-05
2024.5	0.000350046
2025	3.29059e-05
2025.5	0.000472129
2026	7.47877e-05
2026.5	0.000289531
2027	0.000129551
2027.5	0.000467947
2028	0.000197365
2028.5	0.000378517
2029	0.000294736
2029.5	0.00027663
2030	0.000423566
2030.5	0.000412331
2031	0.000571106
2031.5	0.00025439
2032	0.00075461
2032.5	0.000273485
2033	0.0010055
2033.5	0.000183989
2034	0.00122213
2034.5	0.000120665
2035	0.00160714
2035.5	7.27501e-05
2036	0.00177845
2036.5	1.26734e-05
2037	0.00215064
2037.5	9.08674e-06
2038	0.00251174
2038.5	0.000143238
2039	0.00262686
2039.5	0.000316104
2040	0.00312796
2040.5	0.000462944
2041	0.0034034
2041.5	0.000892669
2042	0.00346944
2042.5	0.00141733
2043	0.00380595
2043.5	0.00201295
2044	0.00361494
2044.5	0.00302079
2045	0.00396078
2045.5	0.00431676
2046	0.00456295
2046.5	0.00559925
2047	0.00380328
2047.5	0.00790024
2048	0.00320436
2048.5	0.0119484
2049	0.00363125
2049.5	0.0158115
2050	0.00279322
2050.5	0.0205534
2051	0.0014255
2051.5	0.0326094
2052	0.00117993
2052.5	0.0495127
2053	0.000435531
2053.5	0.0680211
2054	0.000550141
2054.5	0.114402
2055	0.00569544
2055.5	0.188167
2056	0.0123057
2056.5	0.194114
2057	0.0176199
2057.5	0.093651
2058	0.0258306
2058.5	0.0452964
2059	0.017251
2059.5	0.0613707
2060	0.0301318
2060.5	0.0253382
2061	0.0510905
2061.5	0.0367848
2062	0.0204246
2062.5	0.0206738
2063	0.0508051
2063.5	0.0110307
2064	0.0283862
2064.5	0.0103183
2065	0.0539673
2065.5	0.00679204
2066	0.0230832
2066.5	0.00330658
2067	0.0422586
2067.5	0.00252758
2068	0.0275281
2068.5	0.00353535
2069	0.0178833
2069.5	0.00281756
2070	0.0257776
2070.5	0.0018172
2071	0.00955065
2071.5	0.00177827
2072	0.0211835
2072.5	0.000347134
2073	0.0188008
2073.5	0.000525815
2074	0.0112602
2074.5	0.00528156
2075	0.0212924
2075.5	0.00931378
2076	0.0190867
2076.5	0.00736015
2077	0.00963801
2077.5	0.00417461
2078	0.00993232
2078.5	0.00921679
2079	0.011653
2079.5	0.0129424
2080	0.00811441
2080.5	0.0111006
2081	0.00498527
2081.5	0.0113526
2082	0.00255407
2082.5	0.0188284
2083	0.00149455
2083.5	0.0262925
2084	0.00163817
2084.5	0.0229236
2085	0.00134896
2085.5	0.0135382
2086	0.00083147
2086.5	0.0106321
2087	0.00127575
2087.5	0.0141267
2088	0.00162853
2088.5	0.0193369
2089	0.00380125
2089.5	0.025371
2090	0.0102065
2090.5	0.0305209
2091	0.0141512
2091.5	0.0257731
2092	0.0131465
2092.5	0.0187195
2093	0.0109167
2093.5	0.0143738
2094	0.0106135
2094.5	0.00806172
2095	0.0119091
2095.5	0.00430131
2096	0.0089922
2096.5	0.00397397
2097	0.00396255
2097.5	0.00225325
2098	0.00455796
2098.5	0.00200965
2099	0.00471457
2099.5	0.0032335
2100	0.00178296
2100.5	0.00205675
2101	0.00197038
2101.5	0.00372
2102	0.00194437
2102.5	0.00401782
2103	0.000758599
2103.5	0.00248854
2104	0.00070812
2104.5	0.00685366
2105	0.000192588
2105.5	0.00336587
2106	0.000302764
2106.5	0.0059169
2107	0.00045074
2107.5	0.00622109
2108	0.000479188
2108.5	0.00522314
2109	0.000843285
2109.5	0.00698207
2110	0.00107307
2110.5	0.00472522
2111	0.00225254
2111.5	0.00818293
2112	0.00163134
2112.5	0.00443807
2113	0.00506266
2113.5	0.0058156
2114	0.00372672
2114.5	0.00440179
2115	0.0097817
2115.5	0.00233164
2116	0.00663621
2116.5	0.00373941
2117	0.0119313
2117.5	0.00123863
2118	0.0181554
2118.5	0.00146501
2119	0.00780921
2119.5	0.00112805
2120	0.0213274
2120.5	0.000204373
2121	0.0473148
2121.5	0.000177866
2122	0.0479039
2122.5	6.30386e-05
2123	0.0316204
2123.5	0.000463903
2124	0.0198283
2124.5	0.00104331
2125	0.0146126
2125.5	0.000981894
2126	0.00897251
2126.5	0.000749944
2127	0.00483464
2127.5	0.00140689
2128	0.00418567
2128.5	0.00155215
2129	0.00359443
2129.5	0.000781119
2130	0.00182593
2130.5	0.00115336
2131	0.00118213
2131.5	0.0017693
2132	0.00121771
2132.5	0.00110873
2133	0.000681625
2133.5	0.000876409
2134	0.00022909
2134.5	0.00123114
2135	0.000320132
2135.5	0.00104761
2136	0.000205285
2136.5	0.000724876
2137	3.04828e-06
2137.5	0.00084161
2138	6.90812e-05
2138.5	0.000937124
2139	3.07549e-05
2139.5	0.000522048
2140	2.86543e-05
2140.5	0.000339395
2141	0.00014798
2141.5	0.00056552
2142	4.80609e-05
2142.5	0.000357844
2143	1.52191e-05
2143.5	0.000142451
2144	0.000224612
2144.5	0.000232977
2145	8.69306e-05
2145.5	0.000261537
2146	3.70063e-05
2146.5	8.26165e-05
2147	0.00012342
2147.5	5.92491e-05
2148	0.000148274
2148.5	0.000136781
2149	6.26037e-05
2149.5	8.97927e-05
2150	2.91344e-05
2150.5	1.20648e-06
2151	0.000162018
2151.5	6.60979e-05
2152	0.000129118
2152.5	4.28487e-05
2153	4.84897e-05
2153.5	5.06016e-06
2154	7.59019e-05
2154.5	5.36652e-05
2155	0.000158993
2155.5	9.47867e-06
2156	3.1105e-05
2156.5	6.58485e-07
2157	2.91393e-05
2157.5	3.50793e-05
2158	8.85483e-05
2158.5	6.8916e-05
2159	6.07232e-05
2159.5	4.20188e-07
2160	3.57566e-06
2160.5	3.60581e-05
2161	4.77205e-05
2161.5	7.01905e-05
2162	5.46874e-05
2162.5	3.52244e-05
2163	3.19073e-06
2163.5	1.39359e-05
2164	2.52748e-05
2164.5	0.000103406
2165	3.75444e-05
2165.5	4.0402e-05
2166	8.87196e-06
2166.5	1.05296e-05
2167	1.04237e-05
2167.5	4.22788e-05
2168	6.21041e-05
2168.5	9.48034e-05
2169	2.61598e-05
2169.5	1.52189e-05
2170	7.03011e-06
2170.5	1.9704e-05
2171	5.92926e-05
2171.5	7.40481e-05
2172	2.67255e-05
2172.5	3.09535e-05
2173	2.56278e-05
2173.5	1.16336e-07
2174	9.24327e-06
2174.5	4.24778e-05
2175	0.000104425
2175.5	6.46638e-05
2176	9.88763e-05
2176.5	3.66692e-06
2177	3.28748e-06
2177.5	3.19454e-05
2178	0.000148674
2178.5	8.3243e-05
2179	0.000193158
2179.5	1.529e-05
2180	1.94074e-05
2180.5	2.82268e-05
2181	7.00901e-05
2181.5	8.11024e-05
2182	0.000168549
2182.5	9.58096e-05
2183	9.5467e-05
2183.5	6.38349e-05
2184	2.52678e-05
2184.5	0.000117525
2185	0.000117759
2185.5	8.947e-05
2186	0.000146416
2186.5	8.55576e-05
2187	7.7045e-05
2187.5	0.000386821
2188	0.000112622
2188.5	0.000696922
2189	0.000175319
2189.5	0.000708433
2190	8.26696e-05
2190.5	0.000419528
2191	0.000225033
2191.5	0.000365292
2192	0.000561852
2192.5	0.00034242
2193	0.000720212
2193.5	0.000223264
2194	0.000601202
2194.5	2.18527e-05
2195	0.000745772
2195.5	8.25917e-05
2196	0.000722363
2196.5	0.000125174
2197	0.00036644
2197.5	3.34396e-05
2198	2.11274e-05
2198.5	4.18841e-05
2199	0.000188833
2199.5	0.000100717
2200	0.000316229
2200.5	5.10396e-05
2201	0.000102273
2201.5	2.36342e-05
2202	2.99085e-05
2202.5	4.10121e-05
2203	0.000101605
2203.5	4.61196e-05
2204	7.85395e-05
2204.5	5.26868e-05
2205	8.60111e-06
2205.5	4.84252e-05
2206	3.02183e-05
2206.5	5.06538e-05
2207	3.94337e-05
2207.5	9.20456e-05
2208	1.53245e-05
2208.5	2.76524e-05
2209	6.00026e-06
2209.5	7.10633e-05
2210	3.56803e-05
2210.5	0.000129817
2211	2.81357e-05
2211.5	1.39517e-05
2212	7.93552e-06
2212.5	5.43712e-05
2213	2.41331e-05
2213.5	5.69743e-05
2214	4.00888e-05
2214.5	3.50138e-05
2215	1.34328e-05
2215.5	7.90116e-06
2216	3.00471e-05
2216.5	5.15655e-05
2217	8.64069e-05
2217.5	5.97954e-05
2218	2.52999e-05
2218.5	2.92101e-06
2219	2.95743e-05
2219.5	4.91438e-05
2220	6.35449e-05
2220.5	6.63745e-05
2221	9.43934e-05
2221.5	1.476e-05
2222	4.57897e-06
2222.5	4.40691e-05
2223	5.5296e-05
2223.5	0.000101441
2224	3.79415e-05
2224.5	4.7433e-05
2225	7.44743e-05
2225.5	5.00736e-05
2226	1.44829e-06
2226.5	0.000160737
2227	9.47686e-05
2227.5	0.000166821
2228	4.80402e-05
2228.5	8.38573e-05
2229	1.79667e-05
2229.5	0.000219273
2230	3.18443e-05
2230.5	0.00029786
2231	3.87437e-05
2231.5	0.000263699
2232	9.37709e-06
2232.5	0.000214945
2233	1.00886e-05
2233.5	0.000543186
2234	4.79578e-05
2234.5	0.000403244
2235	2.9236e-05
2235.5	0.000327198
2236	0.000104256
2236.5	0.000569419
2237	0.000234148
2237.5	0.0004393
2238	0.000185097
2238.5	0.000372138
2239	0.000377662
2239.5	0.000341119
2240	0.000645193
2240.5	0.00049184
2241	0.000679163
2241.5	0.000302006
2242	0.00086301
2242.5	0.000220224
2243	0.00144805
2243.5	0.000312587
2244	0.00163281
2244.5	8.00139e-05
2245	0.00174669
2245.5	1.24848e-05
2246	0.0025703
2246.5	5.51968e-05
2247	0.00291609
2247.5	3.13005e-05
2248	0.00289041
2248.5	0.00020649
2249	0.00363775
2249.5	0.000463723
2250	0.00439702
2250.5	0.000614312
2251	0.00480869
2251.5	0.00113417
2252	0.00499299
2252.5	0.00227276
2253	0.00551658
2253.5	0.00316508
2254	0.00600779
2254.5	0.00437458
2255	0.00615097
2255.5	0.00710846
2256	0.00717916
2256.5	0.0104757
2257	0.0090443
2257.5	0.0157713
2258	0.00926539
2258.5	0.0281658
2259	0.00967183
2259.5	0.0511856
2260	0.0102167
2260.5	0.0874957
2261	0.00660589
2261.5	0.127998
2262	0.00203932
2262.5	0.127315
2263	0.000319909
2263.5	0.0567307
2264	0.000524394
2264.5	0.0334437
2265	0.0015586
2265.5	0.0650603
2266	0.00270281
2266.5	0.0290899
2267	0.00751243
2267.5	0.0361675
2268	0.00491552
2268.5	0.0268828
2269	0.0150319
2269.5	0.0194329
2270	0.00910496
2270.5	0.0192332
2271	0.0210762
2271.5	0.0126348
2272	0.0105656
2272.5	0.0092295
2273	0.0234129
2273.5	0.00817657
2274	0.014506
2274.5	0.00446636
2275	0.0164409
2275.5	0.00493732
2276	0.0192615
2276.5	0.0029457
2277	0.00708936
2277.5	0.00467805
2278	0.0125661
2278.5	0.00530986
2279	0.00570841
2279.5	0.00527721
2280	0.00249868
2280.5	0.0043114
2281	0.00831323
2281.5	0.00357694
2282	0.00429936
2282.5	0.00386657
2283	0.00587907
2283.5	0.00467313
2284	0.0136901
2284.5	0.00336122
2285	0.0107172
2285.5	0.0010341
2286	0.00528234
2286.5	0.00115151
2287	0.00703783
2287.5	0.00317856
2288	0.00927231
2288.5	0.00318202
2289	0.00707356
2289.5	0.00296418
2290	0.00446064
2290.5	0.00590012
2291	0.00307328
2291.5	0.00956224
2292	0.00291207
2292.5	0.0105105
2293	0.00350945
2293.5	0.00868505
2294	0.00366681
2294.5	0.00566079
2295	0.00238572
2295.5	0.00469848
2296	0.00137138
2296.5	0.00568699
2297	0.00185728
2297.5	0.00881858
2298	0.00316894
2298.5	0.0140306
2299	0.00415725
2299.5	0.0184935
2300	0.00367002
2300.5	0.0174219
2301	0.00189879
2301.5	0.0140874
2302	0.00154952
2302.5	0.0112997
2303	0.0038319
2303.5	0.00746115
2304	0.00650636
2304.5	0.00544472
2305	0.00471813
2305.5	0.00438152
2306	0.00282363
2306.5	0.00237775
2307	0.00578053
2307.5	0.00411418
2308	0.0046952
2308.5	0.00400875
2309	0.0023777
2309.5	0.00352028
2310	0.00436149
2310.5	0.0075146
2311	0.00214512
2311.5	0.00432173
2312	0.00193084
2312.5	0.00958512
2313	0.00170184
2313.5	0.00789494
2314	0.000488096
2314.5	0.00913005
2315	0.000309014
2315.5	0.012666
2316	5.59464e-05
2316.5	0.00980978
2317	0.000183834
2317.5	0.014445
2318	0.000459167
2318.5	0.011104
2319	0.00138047
2319.5	0.0159059
2320	0.000907561
2320.5	0.0138917
2321	0.00425141
2321.5	0.00975656
2322	0.00507516
2322.5	0.0209525
2323	0.00722167
2323.5	0.00873862
2324	0.0125151
2324.5	0.00820022
2325	0.0103735
2325.5	0.0125767
2326	0.0291766
2326.5	0.011579
2327	0.0541596
2327.5	0.0113346
2328	0.0512478
2328.5	0.00784242
2329	0.0309288
2329.5	0.00246597
2330	0.0202072
2330.5	0.000288283
2331	0.0175467
2331.5	0.000379024
2332	0.0113608
2332.5	0.000136988
2333	0.00657497
2333.5	5.32862e-05
2334	0.00651853
2334.5	0.000238246
2335	0.00569748
2335.5	5.44833e-05
2336	0.00317803
2336.5	0.000351889
2337	0.00265973
2337.5	0.000883679
2338	0.00276967
2338.5	0.000582724
2339	0.00163534
2339.5	0.00052079
2340	0.000806495
2340.5	0.00091277
2341	0.000999433
2341.5	0.000807352
2342	0.000751012
2342.5	0.000539651
2343	0.000206245
2343.5	0.000702706
2344	0.000266388
2344.5	0.000955762
2345	0.000280823
2345.5	0.000546755
2346	3.9102e-05
2346.5	0.000465956
2347	4.76641e-05
2347.5	0.000852622
2348	5.70351e-05
2348.5	0.000469735
2349	2.92351e-06
2349.5	0.00024275
2350	0.000117256
2350.5	0.000409095
2351	5.358e-05
2351.5	0.000398047
2352	1.47355e-05
2352.5	0.000132349
2353	0.000108546
2353.5	0.000141694
2354	0.000141817
2354.5	0.000270708
2355	3.24521e-05
2355.5	0.000125193
2356	3.271e-05
2356.5	2.08263e-05
2357	0.000151329
2357.5	0.000127058
2358	9.20743e-05
2358.5	0.000102367
2359	2.05768e-05
2359.5	6.90812e-06
2360	6.27776e-05
2360.5	6.55782e-05
2361	0.000192733
2361.5	4.72619e-05
2362	3.20755e-05
2362.5	7.88809e-06
2363	6.07459e-05
2363.5	2.10364e-05
2364	0.000104788
2364.5	6.92421e-05
2365	8.98711e-05
2365.5	8.44296e-06
2366	4.34023e-06
2366.5	3.17161e-05
2367	6.68551e-05
2367.5	4.84668e-05
2368	7.5588e-05
2368.5	4.02292e-05
2369	1.07263e-05
2369.5	7.59492e-06
2370	2.31341e-05
2370.5	9.34289e-05
2371	7.14755e-05
2371.5	5.18161e-05
2372	1.49052e-05
2372.5	1.21367e-05
2373	7.75529e-06
2373.5	3.98404e-05
2374	5.81871e-05
2374.5	0.000105896
2375	3.09659e-05
2375.5	3.14769e-05
2376	4.59091e-06
2376.5	2.53279e-05
2377	6.31545e-05
2377.5	0.000121234
2378	3.65741e-05
2378.5	3.68495e-05
2379	1.6043e-05
2379.5	1.62533e-06
2380	1.07536e-05
2380.5	4.025e-05
2381	9.22107e-05
2381.5	5.08902e-05
2382	9.28286e-05
2382.5	1.7576e-05
2383	7.82724e-07
2383.5	1.53015e-05
2384	0.000157633
2384.5	7.18998e-05
2385	0.000243582
2385.5	4.32797e-05
2386	3.72429e-05
2386.5	1.09536e-05
2387	0.000110845
2387.5	8.59225e-05
2388	0.000289621
2388.5	0.000112108
2389	0.000185756
2389.5	2.19118e-05
2390	1.23621e-05
2390.5	7.34397e-05
2391	0.00016963
2391.5	0.000102118
2392	0.000289448
2392.5	9.65129e-05
2393	0.00019759
2393.5	0.000329688
2394	0.000191354
2394.5	0.000719609
2395	0.000246561
2395.5	0.000792424
2396	9.0042e-05
2396.5	0.000525338
2397	4.29005e-05
2397.5	0.000503752
2398	0.000299511
2398.5	0.000654168
2399	0.000461595
2399.5	0.00053208
2400	0.000366036
2400.5	0.000144134
2401	0.000454936
2401.5	7.15068e-05
2402	0.000508869
2402.5	0.000104794
2403	0.000271716
2403.5	4.11596e-05
2404	1.33514e-05
2404.5	1.9178e-05
2405	0.000247749
2405.5	0.000118116
2406	0.000372076
2406.5	6.1941e-05
2407	0.000119415
2407.5	5.1966e-07
2408	3.88536e-05
2408.5	5.46957e-05
2409	0.000184822
2409.5	4.68526e-05
2410	0.000130288
2410.5	9.75725e-06
2411	1.32722e-06
2411.5	2.44467e-05
2412	6.03303e-05
2412.5	4.77458e-05
2413	7.44481e-05
2413.5	5.11127e-05
2414	1.12046e-05
2414.5	1.50136e-05
2415	7.66626e-06
2415.5	5.89844e-05
2416	3.81829e-05
2416.5	0.000138391
2417	4.94016e-05
2417.5	1.94427e-05
2418	8.94936e-07
2418.5	4.66178e-05
2419	3.02747e-05
2419.5	9.02726e-05
2420	5.08158e-05
2420.5	3.22537e-05
2421	8.69218e-06
2421.5	9.15195e-06
2422	2.65291e-05
2422.5	5.52313e-05
2423	8.22312e-05
2423.5	6.74574e-05
2424	2.01667e-05
2424.5	2.67144e-06
2425	1.5073e-05
2425.5	4.21688e-05
2426	7.79847e-05
2426.5	4.38737e-05
2427	0.000100289
2427.5	2.24475e-05
2428	7.68463e-06
2428.5	2.71523e-05
2429	0.000103257
2429.5	8.00063e-05
2430	8.37699e-05
2430.5	1.47961e-05
2431	6.14586e-05
2431.5	2.40155e-05
2432	9.48418e-06
2432.5	0.000106946
2433	0.000144549
2433.5	8.39804e-05
2434	5.77286e-05
2434.5	2.11428e-05
2435	2.15266e-05
2435.5	0.000164533
2436	6.12709e-05
2436.5	0.000216129
2437	0.000126083
2437.5	9.65203e-05
2438	2.97494e-05
2438.5	0.000149715
2439	8.71003e-06
2439.5	0.000416639
2440	8.75656e-05
2440.5	0.00026199
2441	2.46109e-05
2441.5	0.00022811
2442	2.38378e-06
2442.5	0.000555074
2443	7.836e-05
2443.5	0.000558696
2444	4.99295e-06
2444.5	0.000385265
2445	9.04612e-05
2445.5	0.000476369
2446	0.000282609
2446.5	0.000777567
2447	0.000163372
2447.5	0.000417436
2448	0.000287657
2448.5	0.000390304
2449	0.000750334
2449.5	0.000702273
2450	0.000779086
2450.5	0.000449666
2451	0.000787678
2451.5	0.000309747
2452	0.00160528
2452.5	0.000467598
2453	0.00201502
2453.5	0.000296103
2454	0.00186132
2454.5	5.52292e-05
2455	0.00279337
2455.5	0.000124073
2456	0.0040346
2456.5	4.75327e-05
2457	0.00416761
2457.5	4.51969e-05
2458	0.00437781
2458.5	0.000508204
2459	0.00644759
2459.5	0.000615037
2460	0.00742955
2460.5	0.000772063
2461	0.00709319
2461.5	0.00240252
2462	0.0103468
2462.5	0.00377553
2463	0.0152473
2463.5	0.00485057
2464	0.0161436
2464.5	0.0118623
2465	0.0220138
2465.5	0.0270833
2466	0.0360823
2466.5	0.043086
2467	0.0366096
2467.5	0.0552616
2468	0.0199759
2468.5	0.0549206
2469	0.00731221
2469.5	0.0256533
2470	0.00330284
2470.5	0.0211717
2471	0.000822549
2471.5	0.0468541
2472	0.000807262
2472.5	0.020243
2473	0.000226701
2473.5	0.0250369
2474	0.000150765
2474.5	0.0248269
2475	0.000686845
2475.5	0.0185185
2476	0.000717616
2476.5	0.0197322
2477	0.00395131
2477.5	0.0133625
2478	0.00270721
2478.5	0.0140891
2479	0.00692456
2479.5	0.0112739
2480	0.00455648
2480.5	0.00691121
2481	0.00839503
2481.5	0.00897304
2482	0.00843125
2482.5	0.00381888
2483	0.00565416
2483.5	0.00557395
2484	0.0113528
2484.5	0.00340068
2485	0.00566061
2485.5	0.00387673
2486	0.00443173
2486.5	0.00564162
2487	0.0063161
2487.5	0.00656734
2488	0.00150747
2488.5	0.00839281
2489	0.00014614
2489.5	0.0089274
2490	0.000623546
2490.5	0.00977783
2491	0.000382936
2491.5	0.0102271
2492	0.00394895
2492.5	0.00743785
2493	0.00712371
2493.5	0.00345658
2494	0.00494786
2494.5	0.00148699
2495	0.00287127
2495.5	0.00173726
2496	0.00451388
2496.5	0.00218561
2497	0.00636501
2497.5	0.00243085
2498	0.00553994
2498.5	0.00352506
2499	0.00385369
