Iteraciones    	 Bisección     	     Regula_Falsi   	   Fixedpoint     	      Newton_Rapshon   
1	1.2891137017892742e-02	2.7634948387457857e-02	1.6949847879039123e-01	2.2170554459257801e-03
2	8.5819749280317978e-02	6.0498025594363600e-03	1.5282606601568294e-01	5.1034819453566351e-06
3	3.6464306131212619e-02	1.3247172635841382e-03	1.3810442336267034e-01	3.7833330184236309e-10
4	1.1786584556659940e-02	2.9008628202280051e-04	1.2503930578062264e-01	0.0000000000000000e+00
5	5.5227623061640042e-04	6.3523531872238467e-05	1.1339528289188593e-01	0.0000000000000000e+00
6	5.6171541630217698e-03	1.3910299109005571e-05	1.0298075986447205e-01	0.0000000000000000e+00
7	2.5324389662026848e-03	3.0458462933963934e-06	9.3637581011841206e-02	0.0000000000000000e+00
8	9.9008136779314216e-04	6.6671462608455222e-07	8.5233607029906025e-02	0.0000000000000000e+00
9	2.1890256858837084e-04	1.4572490041445187e-07	7.7657285782515795e-02	0.0000000000000000e+00
10	1.6668683101401480e-04	3.1636929131670598e-08	7.0813597449946294e-02	0.0000000000000000e+00
11	2.6107868787178015e-05	6.6535865281759448e-09	6.4620970393158964e-02	0.0000000000000000e+00
12	7.0289481113418396e-05	1.1826548986956195e-09	5.9008897326638450e-02	0.0000000000000000e+00
13	2.2090806163120190e-05	1.5390251483846915e-11	5.3916066268995179e-02	0.0000000000000000e+00
14	2.0085313120289126e-06	0.0000000000000000e+00	4.9288876254786174e-02	0.0000000000000000e+00
15	1.0041137425545638e-05	0.0000000000000000e+00	4.5080244960491823e-02	0.0000000000000000e+00
16	4.0163030567583631e-06	0.0000000000000000e+00	4.1248640809878993e-02	0.0000000000000000e+00
17	1.0038858723647252e-06	0.0000000000000000e+00	3.7757289827386999e-02	0.0000000000000000e+00
18	5.0232271983209380e-07	0.0000000000000000e+00	3.4573520052261983e-02	0.0000000000000000e+00
19	2.5078157626631565e-07	0.0000000000000000e+00	3.1668215352594703e-02	0.0000000000000000e+00
20	1.2577057178288908e-07	0.0000000000000000e+00	2.9015357065615217e-02	0.0000000000000000e+00
21	6.2505502241713290e-08	0.0000000000000000e+00	2.6591636760059434e-02	0.0000000000000000e+00
22	3.1632534770587893e-08	0.0000000000000000e+00	2.4376127059010443e-02	0.0000000000000000e+00
23	1.5436483735562699e-08	0.0000000000000000e+00	2.2350000216405170e-02	0.0000000000000000e+00
24	8.0980255175125954e-09	0.0000000000000000e+00	2.0496286244980410e-02	0.0000000000000000e+00
25	3.6692291090250516e-09	0.0000000000000000e+00	1.8799664016473372e-02	0.0000000000000000e+00
26	2.2143982042437723e-09	0.0000000000000000e+00	1.7246280017603817e-02	0.0000000000000000e+00
27	7.2741545239063971e-10	0.0000000000000000e+00	1.5823590435793719e-02	0.0000000000000000e+00
28	0.0000000000000000e+00	0.0000000000000000e+00	1.4520223031447878e-02	0.0000000000000000e+00
29	0.0000000000000000e+00	0.0000000000000000e+00	1.3325855876875074e-02	0.0000000000000000e+00
30	0.0000000000000000e+00	0.0000000000000000e+00	1.2231110541508225e-02	0.0000000000000000e+00
31	0.0000000000000000e+00	0.0000000000000000e+00	1.1227457706076943e-02	0.0000000000000000e+00
32	0.0000000000000000e+00	0.0000000000000000e+00	1.0307133515466034e-02	0.0000000000000000e+00
33	0.0000000000000000e+00	0.0000000000000000e+00	9.4630652469641276e-03	0.0000000000000000e+00
34	0.0000000000000000e+00	0.0000000000000000e+00	8.6888050897292110e-03	0.0000000000000000e+00
35	0.0000000000000000e+00	0.0000000000000000e+00	7.9784710120645603e-03	0.0000000000000000e+00
36	0.0000000000000000e+00	0.0000000000000000e+00	7.3266938429786491e-03	0.0000000000000000e+00
37	0.0000000000000000e+00	0.0000000000000000e+00	6.7285698193610905e-03	0.0000000000000000e+00
38	0.0000000000000000e+00	0.0000000000000000e+00	6.1796179545878654e-03	0.0000000000000000e+00
39	0.0000000000000000e+00	0.0000000000000000e+00	5.6757416721923328e-03	0.0000000000000000e+00
40	0.0000000000000000e+00	0.0000000000000000e+00	5.2131942223581935e-03	0.0000000000000000e+00
41	0.0000000000000000e+00	0.0000000000000000e+00	4.7885474618062510e-03	0.0000000000000000e+00
42	0.0000000000000000e+00	0.0000000000000000e+00	4.3986636310885752e-03	0.0000000000000000e+00
43	0.0000000000000000e+00	0.0000000000000000e+00	4.0406698089337657e-03	0.0000000000000000e+00
44	0.0000000000000000e+00	0.0000000000000000e+00	3.7119347623994982e-03	0.0000000000000000e+00
45	0.0000000000000000e+00	0.0000000000000000e+00	3.4100479452266277e-03	0.0000000000000000e+00
46	0.0000000000000000e+00	0.0000000000000000e+00	3.1328004258109107e-03	0.0000000000000000e+00
47	0.0000000000000000e+00	0.0000000000000000e+00	2.8781675513396784e-03	0.0000000000000000e+00
48	0.0000000000000000e+00	0.0000000000000000e+00	2.6442931764694136e-03	0.0000000000000000e+00
49	0.0000000000000000e+00	0.0000000000000000e+00	2.4294753039239528e-03	0.0000000000000000e+00
50	0.0000000000000000e+00	0.0000000000000000e+00	2.2321530010089769e-03	0.0000000000000000e+00
51	0.0000000000000000e+00	0.0000000000000000e+00	2.0508944705897279e-03	0.0000000000000000e+00
52	0.0000000000000000e+00	0.0000000000000000e+00	1.8843861678611276e-03	0.0000000000000000e+00
53	0.0000000000000000e+00	0.0000000000000000e+00	1.7314228654997511e-03	0.0000000000000000e+00
54	0.0000000000000000e+00	0.0000000000000000e+00	1.5908985797346324e-03	0.0000000000000000e+00
55	0.0000000000000000e+00	0.0000000000000000e+00	1.4617982786641682e-03	0.0000000000000000e+00
56	0.0000000000000000e+00	0.0000000000000000e+00	1.3431903019657436e-03	0.0000000000000000e+00
57	0.0000000000000000e+00	0.0000000000000000e+00	1.2342194280736945e-03	0.0000000000000000e+00
58	0.0000000000000000e+00	0.0000000000000000e+00	1.1341005310924650e-03	0.0000000000000000e+00
59	0.0000000000000000e+00	0.0000000000000000e+00	1.0421127752306453e-03	0.0000000000000000e+00
60	0.0000000000000000e+00	0.0000000000000000e+00	9.5759429947391765e-04	0.0000000000000000e+00
61	0.0000000000000000e+00	0.0000000000000000e+00	8.7993734964408995e-04	0.0000000000000000e+00
62	0.0000000000000000e+00	0.0000000000000000e+00	8.0858381895976771e-04	0.0000000000000000e+00
63	0.0000000000000000e+00	0.0000000000000000e+00	7.4302116177880960e-04	0.0000000000000000e+00
64	0.0000000000000000e+00	0.0000000000000000e+00	6.8277864842054630e-04	0.0000000000000000e+00
65	0.0000000000000000e+00	0.0000000000000000e+00	6.2742393185880540e-04	0.0000000000000000e+00
66	0.0000000000000000e+00	0.0000000000000000e+00	5.7655989969356350e-04	0.0000000000000000e+00
67	0.0000000000000000e+00	0.0000000000000000e+00	5.2982178717130338e-04	0.0000000000000000e+00
68	0.0000000000000000e+00	0.0000000000000000e+00	4.8687452916241640e-04	0.0000000000000000e+00
69	0.0000000000000000e+00	0.0000000000000000e+00	4.4741033094407751e-04	0.0000000000000000e+00
70	0.0000000000000000e+00	0.0000000000000000e+00	4.1114643939327614e-04	0.0000000000000000e+00
71	0.0000000000000000e+00	0.0000000000000000e+00	3.7782309778711288e-04	0.0000000000000000e+00
72	0.0000000000000000e+00	0.0000000000000000e+00	3.4720166886342607e-04	0.0000000000000000e+00
73	0.0000000000000000e+00	0.0000000000000000e+00	3.1906291210600818e-04	0.0000000000000000e+00
74	0.0000000000000000e+00	0.0000000000000000e+00	2.9320540242370433e-04	0.0000000000000000e+00
75	0.0000000000000000e+00	0.0000000000000000e+00	2.6944407848145411e-04	0.0000000000000000e+00
76	0.0000000000000000e+00	0.0000000000000000e+00	2.4760890994123208e-04	0.0000000000000000e+00
77	0.0000000000000000e+00	0.0000000000000000e+00	2.2754367377287503e-04	0.0000000000000000e+00
78	0.0000000000000000e+00	0.0000000000000000e+00	2.0910483063060908e-04	0.0000000000000000e+00
79	0.0000000000000000e+00	0.0000000000000000e+00	1.9216049304117720e-04	0.0000000000000000e+00
80	0.0000000000000000e+00	0.0000000000000000e+00	1.7658947784636043e-04	0.0000000000000000e+00
81	0.0000000000000000e+00	0.0000000000000000e+00	1.6228043596753600e-04	0.0000000000000000e+00
82	0.0000000000000000e+00	0.0000000000000000e+00	1.4913105314481157e-04	0.0000000000000000e+00
83	0.0000000000000000e+00	0.0000000000000000e+00	1.3704731582443085e-04	0.0000000000000000e+00
84	0.0000000000000000e+00	0.0000000000000000e+00	1.2594283685608449e-04	0.0000000000000000e+00
85	0.0000000000000000e+00	0.0000000000000000e+00	1.1573823610234011e-04	0.0000000000000000e+00
86	0.0000000000000000e+00	0.0000000000000000e+00	1.0636057146685105e-04	0.0000000000000000e+00
87	0.0000000000000000e+00	0.0000000000000000e+00	9.7742816220578986e-05	0.0000000000000000e+00
88	0.0000000000000000e+00	0.0000000000000000e+00	8.9823378841927783e-05	0.0000000000000000e+00
89	0.0000000000000000e+00	0.0000000000000000e+00	8.2545661900907094e-05	0.0000000000000000e+00
90	0.0000000000000000e+00	0.0000000000000000e+00	7.5857656802934200e-05	0.0000000000000000e+00
91	0.0000000000000000e+00	0.0000000000000000e+00	6.9711571465767581e-05	0.0000000000000000e+00
92	0.0000000000000000e+00	0.0000000000000000e+00	6.4063488248605513e-05	0.0000000000000000e+00
93	0.0000000000000000e+00	0.0000000000000000e+00	5.8873049665155035e-05	0.0000000000000000e+00
94	0.0000000000000000e+00	0.0000000000000000e+00	5.4103169622105458e-05	0.0000000000000000e+00
95	0.0000000000000000e+00	0.0000000000000000e+00	4.9719768103546082e-05	0.0000000000000000e+00
96	0.0000000000000000e+00	0.0000000000000000e+00	4.5691527393341869e-05	0.0000000000000000e+00
97	0.0000000000000000e+00	0.0000000000000000e+00	4.1989668085039439e-05	0.0000000000000000e+00
98	0.0000000000000000e+00	0.0000000000000000e+00	3.8587743269825680e-05	0.0000000000000000e+00
99	0.0000000000000000e+00	0.0000000000000000e+00	3.5461449423686951e-05	0.0000000000000000e+00
100	0.0000000000000000e+00	0.0000000000000000e+00	3.2588452639931206e-05	0.0000000000000000e+00
